"Jan","Feb","Mar","Apr","May","Jun","Jul","Aug","Sep","Oct","Nov","Dec"
NA,NA,NA,NA,0,0.5,0.5,0.5,0.5,NA,NA,NA
NA,NA,NA,NA,0,0.0526315789473684,0.157894736842105,0.157894736842105,0,NA,NA,NA
NA,NA,NA,NA,0,0,0.0888888888888889,0.511111111111111,0,NA,NA,NA
NA,NA,NA,NA,0,0.111111111111111,0.711111111111111,0.155555555555556,0,NA,NA,NA
NA,NA,NA,NA,0,0,0.0666666666666667,0.4,0.0222222222222222,NA,NA,NA
NA,NA,NA,NA,0,0.0222222222222222,0.0444444444444444,0.155555555555556,0.0222222222222222,NA,NA,NA
NA,NA,NA,NA,0,0.0222222222222222,0.0222222222222222,0.111111111111111,0,NA,NA,NA
NA,NA,NA,NA,0,0,0.0444444444444444,0.0222222222222222,0,NA,NA,NA
NA,NA,NA,NA,0,0,0,1.5,0,NA,NA,NA
NA,NA,NA,NA,0,0.0526315789473684,0.368421052631579,2.78947368421053,0.473684210526316,NA,NA,NA
NA,NA,NA,NA,0,0,0,0.0888888888888889,0,NA,NA,NA
NA,NA,NA,NA,0,0,0.0222222222222222,0.0222222222222222,0,NA,NA,NA
NA,NA,NA,NA,0,0.0222222222222222,0,0.133333333333333,0,NA,NA,NA
NA,NA,NA,NA,0,0.0222222222222222,0.0444444444444444,0.0222222222222222,0,NA,NA,NA
NA,NA,NA,NA,0,0.0222222222222222,0,0,0,NA,NA,NA
NA,NA,NA,NA,0,0.0222222222222222,0,0.0222222222222222,0.0444444444444444,NA,NA,NA
NA,NA,NA,NA,0,0,1,2,0,NA,NA,NA
NA,NA,NA,NA,0,0,0,0,0,NA,NA,NA
NA,NA,NA,NA,0,0,0,0,0,NA,NA,NA
NA,NA,NA,NA,0,0,0.0222222222222222,0.0888888888888889,0,NA,NA,NA
NA,NA,NA,NA,0,0,0.0222222222222222,0.0444444444444444,0,NA,NA,NA
NA,NA,NA,NA,0,0,0,0,0,NA,NA,NA
NA,NA,NA,NA,0,0,0.0222222222222222,0.2,0,NA,NA,NA
NA,NA,NA,NA,0,0,0.0222222222222222,0.311111111111111,0,NA,NA,NA
NA,NA,NA,NA,0,2,4,5,0,NA,NA,NA
NA,NA,NA,NA,0,0.0526315789473684,0.0526315789473684,0,0,NA,NA,NA
NA,NA,NA,NA,0,0,0.177777777777778,0.177777777777778,0,NA,NA,NA
NA,NA,NA,NA,0,0,0.0222222222222222,0.0222222222222222,0.0444444444444444,NA,NA,NA
NA,NA,NA,NA,0,0,0.0444444444444444,0,0.0222222222222222,NA,NA,NA
NA,NA,NA,NA,0,0.0222222222222222,0.0444444444444444,0.244444444444444,0,NA,NA,NA
NA,NA,NA,NA,0,0,0.0222222222222222,0.0222222222222222,0,NA,NA,NA
NA,NA,NA,NA,0,0,0.0444444444444444,0.0222222222222222,0,NA,NA,NA
NA,NA,NA,NA,0,0,5,3,0,NA,NA,NA
NA,NA,NA,NA,0,0,0,0.0526315789473684,0,NA,NA,NA
NA,NA,NA,NA,0,0,0,0.2,0,NA,NA,NA
NA,NA,NA,NA,0,0,0.133333333333333,1.11111111111111,0.0888888888888889,NA,NA,NA
NA,NA,NA,NA,0,0.155555555555556,0.377777777777778,0.555555555555556,0.0888888888888889,NA,NA,NA
NA,NA,NA,NA,0,0,0.0222222222222222,0.0222222222222222,0,NA,NA,NA
NA,NA,NA,NA,0,0,0,0.177777777777778,0,NA,NA,NA
NA,NA,NA,NA,0,0,0,0.0444444444444444,0,NA,NA,NA
NA,NA,NA,NA,0,0,0,2,0,NA,NA,NA
NA,NA,NA,NA,0,0.105263157894737,0,0,0,NA,NA,NA
NA,NA,NA,NA,0,0,0,0.0444444444444444,0,NA,NA,NA
NA,NA,NA,NA,0,0,0.0222222222222222,0.244444444444444,0.0888888888888889,NA,NA,NA
NA,NA,NA,NA,0,0,0.222222222222222,0.0222222222222222,0,NA,NA,NA
NA,NA,NA,NA,0,0,0,0.311111111111111,0,NA,NA,NA
NA,NA,NA,NA,0,0,0.0222222222222222,0.0666666666666667,0.0444444444444444,NA,NA,NA
NA,NA,NA,NA,0,0,0,0.266666666666667,0,NA,NA,NA
NA,NA,NA,NA,0,0,0,16,0,NA,NA,NA
NA,NA,NA,NA,0,0.0526315789473684,0.578947368421053,0.315789473684211,0,NA,NA,NA
NA,NA,NA,NA,0,0.0444444444444444,0.488888888888889,0.844444444444444,0.111111111111111,NA,NA,NA
NA,NA,NA,NA,0,0,0.177777777777778,0.444444444444444,0.0888888888888889,NA,NA,NA
NA,NA,NA,NA,0,0,0.0222222222222222,0.6,0.0222222222222222,NA,NA,NA
NA,NA,NA,NA,0,0,0,0.111111111111111,0,NA,NA,NA
NA,NA,NA,NA,0,0,0,0.0222222222222222,0.0222222222222222,NA,NA,NA
NA,NA,NA,NA,0,0,0,0.266666666666667,0,NA,NA,NA
NA,NA,NA,NA,0,0,8.5,3,0,NA,NA,NA
NA,NA,NA,NA,0,0,0,0.105263157894737,0,NA,NA,NA
NA,NA,NA,NA,0,0,0.0888888888888889,0.533333333333333,0.0444444444444444,NA,NA,NA
NA,NA,NA,NA,0,0.0222222222222222,0.133333333333333,0.911111111111111,0.0888888888888889,NA,NA,NA
NA,NA,NA,NA,0,0,0.0444444444444444,0.355555555555556,0.0888888888888889,NA,NA,NA
NA,NA,NA,NA,0,0,0,0.0444444444444444,0,NA,NA,NA
NA,NA,NA,NA,0,0,0.0222222222222222,0.0444444444444444,0,NA,NA,NA
NA,NA,NA,NA,0,0,0,0.0444444444444444,0.0444444444444444,NA,NA,NA
NA,NA,NA,NA,0,0,2,4.5,2,NA,NA,NA
NA,NA,NA,NA,0,0,0,0.631578947368421,0,NA,NA,NA
NA,NA,NA,NA,0,0,0.0444444444444444,0.0444444444444444,0.0888888888888889,NA,NA,NA
NA,NA,NA,NA,0,0,0,0.0444444444444444,0,NA,NA,NA
NA,NA,NA,NA,0,0,0.0222222222222222,0.0666666666666667,0,NA,NA,NA
NA,NA,NA,NA,0,0.0222222222222222,0.111111111111111,0.0444444444444444,0,NA,NA,NA
NA,NA,NA,NA,0,0,0.244444444444444,0.288888888888889,0.0222222222222222,NA,NA,NA
NA,NA,NA,NA,0,0,0.0444444444444444,0.0444444444444444,0,NA,NA,NA
NA,NA,NA,NA,0,0,0,11.5,0,NA,NA,NA
NA,NA,NA,NA,0,0,0,0.105263157894737,0,NA,NA,NA
NA,NA,NA,NA,0,0,0,0.355555555555556,0.0888888888888889,NA,NA,NA
NA,NA,NA,NA,0,0,0,0.355555555555556,0.0666666666666667,NA,NA,NA
NA,NA,NA,NA,0,0,0.155555555555556,0.333333333333333,0,NA,NA,NA
NA,NA,NA,NA,0,0,0.0222222222222222,0.755555555555556,0.0666666666666667,NA,NA,NA
NA,NA,NA,NA,0,0,0.0222222222222222,0,0,NA,NA,NA
NA,NA,NA,NA,0,0,0,0,0,NA,NA,NA
NA,NA,NA,NA,0,0.5,0.5,0,0,NA,NA,NA
NA,NA,NA,NA,0,0,0,0.473684210526316,0,NA,NA,NA
NA,NA,NA,NA,0,0,0.0444444444444444,0.244444444444444,0,NA,NA,NA
NA,NA,NA,NA,0,0,0.0666666666666667,0.111111111111111,0,NA,NA,NA
NA,NA,NA,NA,0,0,0.0666666666666667,0.288888888888889,0,NA,NA,NA
NA,NA,NA,NA,0,0,0.0666666666666667,0.0222222222222222,0,NA,NA,NA
NA,NA,NA,NA,0,0,0.0444444444444444,0.0444444444444444,0,NA,NA,NA
NA,NA,NA,NA,0,0,0.0444444444444444,0.0222222222222222,0,NA,NA,NA
NA,NA,NA,NA,0,0.5,1,1.5,0,NA,NA,NA
NA,NA,NA,NA,0,0,0,0.526315789473684,0,NA,NA,NA
NA,NA,NA,NA,0,0,0.0444444444444444,0.0666666666666667,0,NA,NA,NA
NA,NA,NA,NA,0,0.0888888888888889,0.777777777777778,0.311111111111111,0,NA,NA,NA
NA,NA,NA,NA,0,0,0.0222222222222222,0.0666666666666667,0,NA,NA,NA
NA,NA,NA,NA,0,0,0.0222222222222222,0.333333333333333,0,NA,NA,NA
NA,NA,NA,NA,0,0.111111111111111,0.0666666666666667,0,0,NA,NA,NA
NA,NA,NA,NA,0,0,0,0.222222222222222,0.111111111111111,NA,NA,NA
NA,NA,NA,NA,0,0.5,0.5,0.5,0,NA,NA,NA
NA,NA,NA,NA,0,0.0526315789473684,0,0.0526315789473684,0,NA,NA,NA
NA,NA,NA,NA,0,0,0,0.133333333333333,0,NA,NA,NA
NA,NA,NA,NA,0,0,0,0.222222222222222,0,NA,NA,NA
NA,NA,NA,NA,0,0,0.0222222222222222,0.2,0.0888888888888889,NA,NA,NA
NA,NA,NA,NA,0,0,0.0666666666666667,0.0222222222222222,0,NA,NA,NA
NA,NA,NA,NA,0,0,0.2,0.777777777777778,0.0888888888888889,NA,NA,NA
NA,NA,NA,NA,0,0,0,0.0666666666666667,0,NA,NA,NA
NA,NA,NA,NA,0,0,0.5,0,0,NA,NA,NA
NA,NA,NA,NA,0,0.0526315789473684,0.526315789473684,0.842105263157895,0,NA,NA,NA
NA,NA,NA,NA,0,0,0.0222222222222222,0.111111111111111,0,NA,NA,NA
NA,NA,NA,NA,0,0,0.0222222222222222,0.0222222222222222,0,NA,NA,NA
NA,NA,NA,NA,0,0,0,0.577777777777778,0.0888888888888889,NA,NA,NA
NA,NA,NA,NA,0,0,0.0888888888888889,0.0444444444444444,0.0666666666666667,NA,NA,NA
NA,NA,NA,NA,0,0.0888888888888889,0.422222222222222,0.333333333333333,0,NA,NA,NA
NA,NA,NA,NA,0,0,0.0222222222222222,0.6,0,NA,NA,NA
NA,NA,NA,NA,0,0,15.5,1,0,NA,NA,NA
NA,NA,NA,NA,0,0.368421052631579,0.631578947368421,0.157894736842105,0.0526315789473684,NA,NA,NA
NA,NA,NA,NA,0,0,0,0.0222222222222222,0,NA,NA,NA
NA,NA,NA,NA,0,0,0.0222222222222222,0.0888888888888889,0,NA,NA,NA
NA,NA,NA,NA,0,0,0.0666666666666667,0.133333333333333,0,NA,NA,NA
NA,NA,NA,NA,0,0,0.0444444444444444,0.0222222222222222,0.0888888888888889,NA,NA,NA
NA,NA,NA,NA,0,0,0,0.355555555555556,0,NA,NA,NA
NA,NA,NA,NA,0,0,0,0.0222222222222222,0,NA,NA,NA
NA,NA,NA,NA,0,0,0,0,0,NA,NA,NA
NA,NA,NA,NA,0,0,0.157894736842105,0.0526315789473684,0,NA,NA,NA
NA,NA,NA,NA,0,0,0.0444444444444444,0.577777777777778,0,NA,NA,NA
NA,NA,NA,NA,0,0,0,0.0222222222222222,0,NA,NA,NA
NA,NA,NA,NA,0,0,0,0.222222222222222,0,NA,NA,NA
NA,NA,NA,NA,0,0,0,0.333333333333333,0.0888888888888889,NA,NA,NA
NA,NA,NA,NA,0,0.0222222222222222,0.0222222222222222,0.0666666666666667,0,NA,NA,NA
NA,NA,NA,NA,0,0,0,0.0444444444444444,0,NA,NA,NA
NA,NA,NA,NA,0,0,0.5,0.5,0,NA,NA,NA
NA,NA,NA,NA,0,0,0.0526315789473684,0,0,NA,NA,NA
NA,NA,NA,NA,0,0,0.0666666666666667,0,0,NA,NA,NA
NA,NA,NA,NA,0,0,0.0222222222222222,0.266666666666667,0,NA,NA,NA
NA,NA,NA,NA,0,0,0.0222222222222222,0.155555555555556,0,NA,NA,NA
NA,NA,NA,NA,0,0,0.0222222222222222,0,0.0222222222222222,NA,NA,NA
NA,NA,NA,NA,0,0,0.0222222222222222,0,0,NA,NA,NA
NA,NA,NA,NA,0,0,0,0,0,NA,NA,NA
NA,NA,NA,NA,0,0,0,0,0,NA,NA,NA
NA,NA,NA,NA,0,0.105263157894737,0.157894736842105,0.684210526315789,0,NA,NA,NA
NA,NA,NA,NA,0,0.355555555555556,0.133333333333333,0.422222222222222,0.111111111111111,NA,NA,NA
NA,NA,NA,NA,0,0,0,0.0888888888888889,0,NA,NA,NA
NA,NA,NA,NA,0,0.0222222222222222,0.0222222222222222,0.155555555555556,0,NA,NA,NA
NA,NA,NA,NA,0,0.133333333333333,0.0222222222222222,0.0888888888888889,0,NA,NA,NA
NA,NA,NA,NA,0,0,0.0222222222222222,0.0444444444444444,0,NA,NA,NA
NA,NA,NA,NA,0,0,0.155555555555556,0.288888888888889,0,NA,NA,NA
NA,NA,NA,NA,0,6.5,5.5,16,0,NA,NA,NA
NA,NA,NA,NA,0,0.0526315789473684,0.263157894736842,0.894736842105263,0.210526315789474,NA,NA,NA
NA,NA,NA,NA,0,0,0.0666666666666667,0.266666666666667,0,NA,NA,NA
NA,NA,NA,NA,0,0,0.0222222222222222,0,0,NA,NA,NA
NA,NA,NA,NA,0,0.0222222222222222,0,0.2,0,NA,NA,NA
NA,NA,NA,NA,0,0,0.0222222222222222,0,0,NA,NA,NA
NA,NA,NA,NA,0,0,0.0222222222222222,0.0222222222222222,0,NA,NA,NA
NA,NA,NA,NA,0,0,0.311111111111111,0.266666666666667,0,NA,NA,NA
NA,NA,NA,NA,0,0,1,1,0,NA,NA,NA
NA,NA,NA,NA,0,0,0.157894736842105,0,0,NA,NA,NA
NA,NA,NA,NA,0,0,0.0444444444444444,0.0222222222222222,0,NA,NA,NA
NA,NA,NA,NA,0,0,0,0.0222222222222222,0,NA,NA,NA
NA,NA,NA,NA,0,0,0.0666666666666667,0.0222222222222222,0,NA,NA,NA
NA,NA,NA,NA,0,0,0.0444444444444444,0.8,0.0888888888888889,NA,NA,NA
NA,NA,NA,NA,0,0,0.2,0,0.0222222222222222,NA,NA,NA
NA,NA,NA,NA,0,0,0.0222222222222222,0.0666666666666667,0.0888888888888889,NA,NA,NA
NA,NA,NA,NA,0,0,0.5,1,0,NA,NA,NA
NA,NA,NA,NA,0,0,0.0526315789473684,0,0,NA,NA,NA
NA,NA,NA,NA,0,0,0.0222222222222222,0.111111111111111,0.0888888888888889,NA,NA,NA
NA,NA,NA,NA,0,0,0.0222222222222222,0.133333333333333,0,NA,NA,NA
NA,NA,NA,NA,0,0,0.355555555555556,0.288888888888889,0.0666666666666667,NA,NA,NA
NA,NA,NA,NA,0,0,0.0444444444444444,0.0444444444444444,0,NA,NA,NA
NA,NA,NA,NA,0,0,0.0444444444444444,0.244444444444444,0,NA,NA,NA
NA,NA,NA,NA,0,0.0222222222222222,0,0.177777777777778,0,NA,NA,NA
NA,NA,NA,NA,0,0,0.5,12,0,NA,NA,NA
NA,NA,NA,NA,0,0.0526315789473684,0.0526315789473684,1.47368421052632,0.315789473684211,NA,NA,NA
NA,NA,NA,NA,0,0.177777777777778,0.377777777777778,0.155555555555556,0.0222222222222222,NA,NA,NA
NA,NA,NA,NA,0,0,0.244444444444444,0.133333333333333,0,NA,NA,NA
NA,NA,NA,NA,0,0,0.0444444444444444,0.0444444444444444,0.111111111111111,NA,NA,NA
NA,NA,NA,NA,0,0,0.0444444444444444,0.111111111111111,0,NA,NA,NA
NA,NA,NA,NA,0,0,0.155555555555556,0.0666666666666667,0,NA,NA,NA
NA,NA,NA,NA,0,0,0.0444444444444444,0.0222222222222222,0,NA,NA,NA
NA,NA,NA,NA,0,0,4,6.5,0,NA,NA,NA
NA,NA,NA,NA,0,0,0.157894736842105,0.157894736842105,0,NA,NA,NA
NA,NA,NA,NA,0,0.0222222222222222,0.0888888888888889,0.222222222222222,0,NA,NA,NA
NA,NA,NA,NA,0,0,0.0222222222222222,0,0,NA,NA,NA
NA,NA,NA,NA,0,0,0,0.177777777777778,0.0666666666666667,NA,NA,NA
NA,NA,NA,NA,0,0,0.0222222222222222,0,0,NA,NA,NA
NA,NA,NA,NA,0,0,0.0444444444444444,0.0222222222222222,0,NA,NA,NA
NA,NA,NA,NA,0,0,0.0666666666666667,0.422222222222222,0,NA,NA,NA
NA,NA,NA,NA,0,0.5,1,18.5,4,NA,NA,NA
NA,NA,NA,NA,0,0,0.105263157894737,0,0,NA,NA,NA
NA,NA,NA,NA,0,0,0.0444444444444444,0,0,NA,NA,NA
NA,NA,NA,NA,0,0,0.0444444444444444,0.0222222222222222,0,NA,NA,NA
NA,NA,NA,NA,0,0,0.111111111111111,0.0222222222222222,0.0222222222222222,NA,NA,NA
NA,NA,NA,NA,0,0,0.133333333333333,0.777777777777778,0.177777777777778,NA,NA,NA
NA,NA,NA,NA,0,0,0.0888888888888889,0,0,NA,NA,NA
NA,NA,NA,NA,0,0,0.0444444444444444,0.511111111111111,0.0222222222222222,NA,NA,NA
NA,NA,NA,NA,0,0,16,4.5,0,NA,NA,NA
NA,NA,NA,NA,0,0,0.157894736842105,0,0,NA,NA,NA
NA,NA,NA,NA,0,0,0.0444444444444444,0.0222222222222222,0,NA,NA,NA
NA,NA,NA,NA,0,0.0222222222222222,0.0222222222222222,0.222222222222222,0,NA,NA,NA
NA,NA,NA,NA,0,0,0,0.0444444444444444,0,NA,NA,NA
NA,NA,NA,NA,0,0,0.0222222222222222,0.0222222222222222,0.0222222222222222,NA,NA,NA
NA,NA,NA,NA,0,0,0,0.0666666666666667,0,NA,NA,NA
NA,NA,NA,NA,0,0,0.0444444444444444,0.822222222222222,0,NA,NA,NA
NA,NA,NA,NA,0,0.5,1,7,0,NA,NA,NA
NA,NA,NA,NA,0,0,0.157894736842105,0,0,NA,NA,NA
NA,NA,NA,NA,0,0.0222222222222222,0.0444444444444444,0.0222222222222222,0,NA,NA,NA
NA,NA,NA,NA,0,0,0.133333333333333,0.111111111111111,0.0444444444444444,NA,NA,NA
NA,NA,NA,NA,0,0,0.0666666666666667,0.244444444444444,0,NA,NA,NA
NA,NA,NA,NA,0,0,0.0444444444444444,0.333333333333333,0,NA,NA,NA
NA,NA,NA,NA,0,0,0.0222222222222222,0.0222222222222222,0,NA,NA,NA
NA,NA,NA,NA,0,0,0,0.0666666666666667,0.0444444444444444,NA,NA,NA
NA,NA,NA,NA,0,0,0.5,2.5,0,NA,NA,NA
NA,NA,NA,NA,0,0,0.105263157894737,0,0.0526315789473684,NA,NA,NA
NA,NA,NA,NA,0,0,0.0444444444444444,0.155555555555556,0.0888888888888889,NA,NA,NA
NA,NA,NA,NA,0,0,0.0222222222222222,0.0444444444444444,0,NA,NA,NA
NA,NA,NA,NA,0,0,0.0444444444444444,0.0222222222222222,0,NA,NA,NA
NA,NA,NA,NA,0,0,0.0444444444444444,0.0444444444444444,0,NA,NA,NA
NA,NA,NA,NA,0,0,0,0.0222222222222222,0,NA,NA,NA
NA,NA,NA,NA,0,0,0,0,0,NA,NA,NA
NA,NA,NA,NA,0,0.5,4.5,3.5,0,NA,NA,NA
NA,NA,NA,NA,0,0.0526315789473684,0.105263157894737,0.157894736842105,0,NA,NA,NA
NA,NA,NA,NA,0,0.0222222222222222,0.266666666666667,0.177777777777778,0,NA,NA,NA
NA,NA,NA,NA,0,0.0222222222222222,0.0222222222222222,0.111111111111111,0,NA,NA,NA
NA,NA,NA,NA,0,0.0888888888888889,0.0444444444444444,0.0222222222222222,0,NA,NA,NA
NA,NA,NA,NA,0,0,0.0888888888888889,0.0666666666666667,0,NA,NA,NA
NA,NA,NA,NA,0,0,0.0666666666666667,0.0222222222222222,0,NA,NA,NA
NA,NA,NA,NA,0,0.0222222222222222,0.644444444444444,0.0444444444444444,0,NA,NA,NA
NA,NA,NA,NA,0,0,0.5,4,1,NA,NA,NA
NA,NA,NA,NA,0,0,0.210526315789474,0.578947368421053,0.105263157894737,NA,NA,NA
NA,NA,NA,NA,0,0.0222222222222222,0.0222222222222222,0,0,NA,NA,NA
NA,NA,NA,NA,0,0,0,0.288888888888889,0,NA,NA,NA
NA,NA,NA,NA,0,0,0.0444444444444444,0,0,NA,NA,NA
NA,NA,NA,NA,0,0,0.244444444444444,0.0666666666666667,0.0888888888888889,NA,NA,NA
NA,NA,NA,NA,0,0,0,0,0,NA,NA,NA
NA,NA,NA,NA,0,0.0222222222222222,0,0,0,NA,NA,NA
NA,NA,NA,NA,0,0,0.5,7,1,NA,NA,NA
NA,NA,NA,NA,0,0,0.368421052631579,0.0526315789473684,0,NA,NA,NA
NA,NA,NA,NA,0,0,0.177777777777778,0.111111111111111,0,NA,NA,NA
NA,NA,NA,NA,0,0.0222222222222222,0.0444444444444444,0.0888888888888889,0,NA,NA,NA
NA,NA,NA,NA,0,0,0.155555555555556,0.622222222222222,0.0444444444444444,NA,NA,NA
NA,NA,NA,NA,0,0,0.0444444444444444,0.2,0,NA,NA,NA
NA,NA,NA,NA,0,0,0.0666666666666667,0.0444444444444444,0,NA,NA,NA
NA,NA,NA,NA,0,0,0.0444444444444444,0.0888888888888889,0.0222222222222222,NA,NA,NA
NA,NA,NA,NA,0,0,1,7.5,0,NA,NA,NA
NA,NA,NA,NA,0,0,0.210526315789474,0.421052631578947,0,NA,NA,NA
NA,NA,NA,NA,0,0,0.177777777777778,0.355555555555556,0,NA,NA,NA
NA,NA,NA,NA,0,0,0.0222222222222222,0,0,NA,NA,NA
NA,NA,NA,NA,0,0,0,0.0888888888888889,0,NA,NA,NA
NA,NA,NA,NA,0,0.0444444444444444,0.0222222222222222,0.0222222222222222,0,NA,NA,NA
NA,NA,NA,NA,0,0,0,0,0.0222222222222222,NA,NA,NA
NA,NA,NA,NA,0,0,0,0.0222222222222222,0.0888888888888889,NA,NA,NA
NA,NA,NA,NA,0,0,1,0.5,0,NA,NA,NA
NA,NA,NA,NA,0,0,0.157894736842105,1,0,NA,NA,NA
NA,NA,NA,NA,0,0.0222222222222222,0.0444444444444444,0.0444444444444444,0.0888888888888889,NA,NA,NA
NA,NA,NA,NA,0,0,0.0444444444444444,0,0,NA,NA,NA
NA,NA,NA,NA,0,0,0.0222222222222222,0.0888888888888889,0.0444444444444444,NA,NA,NA
NA,NA,NA,NA,0,0,0.0444444444444444,0.0222222222222222,0,NA,NA,NA
NA,NA,NA,NA,0,0.0444444444444444,0.4,0.177777777777778,0,NA,NA,NA
NA,NA,NA,NA,0,0,0.0666666666666667,0.0444444444444444,0,NA,NA,NA
NA,NA,NA,NA,0,0,1,0.5,0,NA,NA,NA
NA,NA,NA,NA,0,0,0.105263157894737,0.0526315789473684,0,NA,NA,NA
NA,NA,NA,NA,0,0,0.0444444444444444,0.111111111111111,0,NA,NA,NA
NA,NA,NA,NA,0,0,0.0222222222222222,0.0888888888888889,0,NA,NA,NA
NA,NA,NA,NA,0,0,0.0222222222222222,0.133333333333333,0,NA,NA,NA
NA,NA,NA,NA,0,0.0222222222222222,0.0222222222222222,0,0.0222222222222222,NA,NA,NA
NA,NA,NA,NA,0,0,0.0222222222222222,0.0222222222222222,0,NA,NA,NA
NA,NA,NA,NA,0,0,0.0888888888888889,0.155555555555556,0,NA,NA,NA
NA,NA,NA,NA,0,0,0,1,0,NA,NA,NA
NA,NA,NA,NA,0,0,0.0526315789473684,0.210526315789474,0,NA,NA,NA
NA,NA,NA,NA,0,0.0222222222222222,0.0222222222222222,0.177777777777778,0,NA,NA,NA
NA,NA,NA,NA,0,0,0.0222222222222222,0,0,NA,NA,NA
NA,NA,NA,NA,0,0.0444444444444444,0.2,0.0444444444444444,0,NA,NA,NA
NA,NA,NA,NA,0,0,0.111111111111111,0.155555555555556,0.0888888888888889,NA,NA,NA
NA,NA,NA,NA,0,0,0.0666666666666667,0.0444444444444444,0,NA,NA,NA
NA,NA,NA,NA,0,0.0222222222222222,0.0666666666666667,0.0222222222222222,0,NA,NA,NA
NA,NA,NA,NA,0,0,1,0.5,0,NA,NA,NA
NA,NA,NA,NA,0,0,0.157894736842105,0.578947368421053,0,NA,NA,NA
NA,NA,NA,NA,0,0.0222222222222222,0.622222222222222,0,0,NA,NA,NA
NA,NA,NA,NA,0,0,0,0.0222222222222222,0,NA,NA,NA
NA,NA,NA,NA,0,0,0,0.0222222222222222,0,NA,NA,NA
NA,NA,NA,NA,0,0,0,0.711111111111111,0.0888888888888889,NA,NA,NA
NA,NA,NA,NA,0,0,0.0222222222222222,0.0888888888888889,0.111111111111111,NA,NA,NA
NA,NA,NA,NA,0,0,0.0222222222222222,0,0,NA,NA,NA
NA,NA,NA,NA,0,0,3,12,0.5,NA,NA,NA
NA,NA,NA,NA,0,0,0.0526315789473684,0,0,NA,NA,NA
NA,NA,NA,NA,0,0,0.0666666666666667,0.4,0,NA,NA,NA
NA,NA,NA,NA,0,0.0888888888888889,0.0666666666666667,0,0,NA,NA,NA
NA,NA,NA,NA,0,0.0222222222222222,0.111111111111111,0.0444444444444444,0,NA,NA,NA
NA,NA,NA,NA,0,0,0.0222222222222222,0.0444444444444444,0,NA,NA,NA
NA,NA,NA,NA,0,0,0.0666666666666667,0.266666666666667,0,NA,NA,NA
NA,NA,NA,NA,0,0.0666666666666667,0.0444444444444444,0.2,0,NA,NA,NA
NA,NA,NA,NA,0,0,1,2.5,2,NA,NA,NA
NA,NA,NA,NA,0,0,0.105263157894737,1,0,NA,NA,NA
NA,NA,NA,NA,0,0,0.0444444444444444,0.266666666666667,0,NA,NA,NA
NA,NA,NA,NA,0,0.0888888888888889,0.311111111111111,0,0,NA,NA,NA
NA,NA,NA,NA,0,0.0222222222222222,0.133333333333333,0.0666666666666667,0.0888888888888889,NA,NA,NA
NA,NA,NA,NA,0,0,0.0444444444444444,0.0444444444444444,0,NA,NA,NA
NA,NA,NA,NA,0,0,0.0888888888888889,0.2,0.0888888888888889,NA,NA,NA
NA,NA,NA,NA,0,0,0.0666666666666667,0.133333333333333,0,NA,NA,NA
NA,NA,NA,NA,0,0,3.5,0,0,NA,NA,NA
NA,NA,NA,NA,0,0,0.368421052631579,0.0526315789473684,0,NA,NA,NA
NA,NA,NA,NA,0,0.0222222222222222,0.0444444444444444,0.0444444444444444,0.0666666666666667,NA,NA,NA
NA,NA,NA,NA,0,0,0.0444444444444444,0.111111111111111,0,NA,NA,NA
NA,NA,NA,NA,0,0,0.0444444444444444,0.0666666666666667,0,NA,NA,NA
NA,NA,NA,NA,0,0,0.0888888888888889,0.0666666666666667,0.0222222222222222,NA,NA,NA
NA,NA,NA,NA,0,0,0.0666666666666667,0.0666666666666667,0,NA,NA,NA
NA,NA,NA,NA,0,0,0.0222222222222222,0,0,NA,NA,NA
NA,NA,NA,NA,0,0,0.5,0.5,1,NA,NA,NA
NA,NA,NA,NA,0,0,0.263157894736842,0.105263157894737,0,NA,NA,NA
NA,NA,NA,NA,0,0,0.0444444444444444,0.0666666666666667,0.0888888888888889,NA,NA,NA
NA,NA,NA,NA,0,0,0.0444444444444444,0,0,NA,NA,NA
NA,NA,NA,NA,0,0.0222222222222222,0.0444444444444444,0.0222222222222222,0.0222222222222222,NA,NA,NA
NA,NA,NA,NA,0,0,0.0444444444444444,0.511111111111111,0,NA,NA,NA
NA,NA,NA,NA,0,0.0444444444444444,0,0.0444444444444444,0,NA,NA,NA
NA,NA,NA,NA,0,0,0.0222222222222222,0.8,0,NA,NA,NA
NA,NA,NA,NA,0,0,1,0.5,0,NA,NA,NA
NA,NA,NA,NA,0,0.0526315789473684,0.0526315789473684,0.105263157894737,0,NA,NA,NA
NA,NA,NA,NA,0,0,0.155555555555556,0.0888888888888889,0,NA,NA,NA
NA,NA,NA,NA,0,0,0.111111111111111,0.177777777777778,0.0666666666666667,NA,NA,NA
NA,NA,NA,NA,0,0,0.111111111111111,0,0.0222222222222222,NA,NA,NA
NA,NA,NA,NA,0,0,0.133333333333333,0,0,NA,NA,NA
NA,NA,NA,NA,0,0,0.0888888888888889,0.155555555555556,0.0888888888888889,NA,NA,NA
NA,NA,NA,NA,0,0,0.155555555555556,0,0,NA,NA,NA
NA,NA,NA,NA,0,0,0.5,0.5,0,NA,NA,NA
NA,NA,NA,NA,0,0,0.210526315789474,1.36842105263158,0,NA,NA,NA
NA,NA,NA,NA,0,0,0.111111111111111,0.0888888888888889,0,NA,NA,NA
NA,NA,NA,NA,0,0,0.0888888888888889,0.244444444444444,0.0888888888888889,NA,NA,NA
NA,NA,NA,NA,0,0,0.0666666666666667,0.0888888888888889,0,NA,NA,NA
NA,NA,NA,NA,0,0,0.0222222222222222,0.0222222222222222,0.0222222222222222,NA,NA,NA
NA,NA,NA,NA,0,0.0222222222222222,0.0444444444444444,0.0888888888888889,0,NA,NA,NA
NA,NA,NA,NA,0,0,0.0666666666666667,0.311111111111111,0.0888888888888889,NA,NA,NA
NA,NA,NA,NA,0,0,1,5.5,0,NA,NA,NA
NA,NA,NA,NA,0,0,0.0526315789473684,0.578947368421053,0.0526315789473684,NA,NA,NA
NA,NA,NA,NA,0,0,0.0222222222222222,0,0,NA,NA,NA
NA,NA,NA,NA,0,0,0.111111111111111,0.244444444444444,0.0888888888888889,NA,NA,NA
NA,NA,NA,NA,0,0.0222222222222222,0.0444444444444444,0.0444444444444444,0.0444444444444444,NA,NA,NA
NA,NA,NA,NA,0,0,0.0222222222222222,0.0222222222222222,0,NA,NA,NA
NA,NA,NA,NA,0,0,0.111111111111111,0,0,NA,NA,NA
NA,NA,NA,NA,0,0,0.0666666666666667,0.177777777777778,0,NA,NA,NA
NA,NA,NA,NA,0,0,3.5,10.5,1.5,NA,NA,NA
NA,NA,NA,NA,0,0,0.105263157894737,0.368421052631579,0,NA,NA,NA
NA,NA,NA,NA,0,0,0.0666666666666667,0.0888888888888889,0,NA,NA,NA
NA,NA,NA,NA,0,0,0.0222222222222222,0.177777777777778,0,NA,NA,NA
NA,NA,NA,NA,0,0,0.0666666666666667,0.0444444444444444,0.0222222222222222,NA,NA,NA
NA,NA,NA,NA,0,0,0,0.0222222222222222,0,NA,NA,NA
NA,NA,NA,NA,0,0,0,0.177777777777778,0.0666666666666667,NA,NA,NA
NA,NA,NA,NA,0,0,0.0444444444444444,0.0666666666666667,0,NA,NA,NA
NA,NA,NA,NA,0,4,0.5,11.5,0,NA,NA,NA
NA,NA,NA,NA,0,0,0.210526315789474,0.0526315789473684,0,NA,NA,NA
NA,NA,NA,NA,0,0,0.0444444444444444,0,0,NA,NA,NA
NA,NA,NA,NA,0,0,0.0222222222222222,0,0,NA,NA,NA
NA,NA,NA,NA,0,0,0.0444444444444444,0,0,NA,NA,NA
NA,NA,NA,NA,0,0,0.0444444444444444,0.0444444444444444,0,NA,NA,NA
NA,NA,NA,NA,0,0,0.0666666666666667,0.0222222222222222,0,NA,NA,NA
NA,NA,NA,NA,0,0,0.133333333333333,0.4,0.0666666666666667,NA,NA,NA
NA,NA,NA,NA,0,0,0,0.5,0.5,NA,NA,NA
NA,NA,NA,NA,0,0,0.421052631578947,0.368421052631579,0,NA,NA,NA
NA,NA,NA,NA,0,0.0222222222222222,0.133333333333333,0.466666666666667,0,NA,NA,NA
NA,NA,NA,NA,0,0,0.0222222222222222,0.0666666666666667,0,NA,NA,NA
NA,NA,NA,NA,0,0,0.533333333333333,0.111111111111111,0,NA,NA,NA
NA,NA,NA,NA,0,0,0.155555555555556,0.844444444444444,0,NA,NA,NA
NA,NA,NA,NA,0,0,0.0222222222222222,0,0,NA,NA,NA
NA,NA,NA,NA,0,0,0.244444444444444,0.777777777777778,0,NA,NA,NA
NA,NA,NA,NA,0,0,2,0.5,2,NA,NA,NA
NA,NA,NA,NA,0,0,0.105263157894737,0.578947368421053,0,NA,NA,NA
NA,NA,NA,NA,0,0.0222222222222222,0.0222222222222222,0.0444444444444444,0,NA,NA,NA
NA,NA,NA,NA,0,0,0.0666666666666667,0,0,NA,NA,NA
NA,NA,NA,NA,0,0,0.0666666666666667,0.0222222222222222,0,NA,NA,NA
NA,NA,NA,NA,0,0,0.0666666666666667,0.244444444444444,0.133333333333333,NA,NA,NA
NA,NA,NA,NA,0,0.0222222222222222,0.0666666666666667,0.111111111111111,0.0888888888888889,NA,NA,NA
NA,NA,NA,NA,0,0,0.266666666666667,0.222222222222222,0.0222222222222222,NA,NA,NA
NA,NA,NA,NA,0,0.5,0.5,0.5,0,NA,NA,NA
NA,NA,NA,NA,0,0.105263157894737,0.368421052631579,1.05263157894737,0,NA,NA,NA
NA,NA,NA,NA,0,0.0222222222222222,0.0444444444444444,0.111111111111111,0,NA,NA,NA
NA,NA,NA,NA,0,0.0222222222222222,0.0666666666666667,0.977777777777778,0,NA,NA,NA
NA,NA,NA,NA,0,0.0222222222222222,0.444444444444444,0.266666666666667,0.0222222222222222,NA,NA,NA
NA,NA,NA,NA,0,0,0.0444444444444444,0.0888888888888889,0,NA,NA,NA
NA,NA,NA,NA,0,0,0.0666666666666667,0.155555555555556,0,NA,NA,NA
NA,NA,NA,NA,0,0,0.0444444444444444,0.488888888888889,0.0222222222222222,NA,NA,NA
NA,NA,NA,NA,0,0,0,2,0,NA,NA,NA
NA,NA,NA,NA,0,0,0.0526315789473684,0.105263157894737,0,NA,NA,NA
NA,NA,NA,NA,0,0,0,0.0222222222222222,0.0888888888888889,NA,NA,NA
NA,NA,NA,NA,0,0,0.0222222222222222,0.0444444444444444,0,NA,NA,NA
NA,NA,NA,NA,0,0,0.155555555555556,0,0,NA,NA,NA
NA,NA,NA,NA,0,0,0.111111111111111,0.133333333333333,0.0222222222222222,NA,NA,NA
NA,NA,NA,NA,0,0,0.2,0,0.0222222222222222,NA,NA,NA
NA,NA,NA,NA,0,0,0,0.177777777777778,0.0888888888888889,NA,NA,NA
NA,NA,NA,NA,0,0,1,1,0,NA,NA,NA
NA,NA,NA,NA,0,0,0.105263157894737,1.05263157894737,0,NA,NA,NA
NA,NA,NA,NA,0,0,0.0222222222222222,0.0444444444444444,0,NA,NA,NA
NA,NA,NA,NA,0,0,0.0666666666666667,0.177777777777778,0.0222222222222222,NA,NA,NA
NA,NA,NA,NA,0,0.0222222222222222,0.466666666666667,0.0666666666666667,0,NA,NA,NA
NA,NA,NA,NA,0,0,0.177777777777778,0.0666666666666667,0,NA,NA,NA
NA,NA,NA,NA,0,0,0,0.977777777777778,0.177777777777778,NA,NA,NA
NA,NA,NA,NA,0,0,0.0666666666666667,0.111111111111111,0,NA,NA,NA
NA,NA,NA,NA,0,0,1.5,0.5,0.5,NA,NA,NA
NA,NA,NA,NA,0,0.0526315789473684,0.0526315789473684,0,0,NA,NA,NA
NA,NA,NA,NA,0,0,0.0222222222222222,0,0,NA,NA,NA
NA,NA,NA,NA,0,0,0,0,0.0222222222222222,NA,NA,NA
NA,NA,NA,NA,0,0,0.133333333333333,0.288888888888889,0,NA,NA,NA
NA,NA,NA,NA,0,0,0.0222222222222222,0.177777777777778,0.111111111111111,NA,NA,NA
NA,NA,NA,NA,0,0,0.0222222222222222,0.377777777777778,0,NA,NA,NA
NA,NA,NA,NA,0,0,0.0222222222222222,0.0888888888888889,0,NA,NA,NA
NA,NA,NA,NA,0,0,3.5,5,1.5,NA,NA,NA
NA,NA,NA,NA,0,0,0.105263157894737,0.421052631578947,0,NA,NA,NA
NA,NA,NA,NA,0,0,0.0222222222222222,0.244444444444444,0,NA,NA,NA
NA,NA,NA,NA,0,0,0.0222222222222222,0.4,0,NA,NA,NA
NA,NA,NA,NA,0,0,0.0444444444444444,0.133333333333333,0.0888888888888889,NA,NA,NA
NA,NA,NA,NA,0,0,0.0222222222222222,0.222222222222222,0.0666666666666667,NA,NA,NA
NA,NA,NA,NA,0,0.0222222222222222,0,0,0,NA,NA,NA
NA,NA,NA,NA,0,0,0.0222222222222222,0.0222222222222222,0,NA,NA,NA
NA,NA,NA,NA,0,0.5,1,6,1.5,NA,NA,NA
NA,NA,NA,NA,0,0,0.0526315789473684,0.263157894736842,0,NA,NA,NA
NA,NA,NA,NA,0,0.0222222222222222,0.0222222222222222,0.0222222222222222,0,NA,NA,NA
NA,NA,NA,NA,0,0,0.0222222222222222,0.0444444444444444,0,NA,NA,NA
NA,NA,NA,NA,0,0,0.155555555555556,0.533333333333333,0.0888888888888889,NA,NA,NA
NA,NA,NA,NA,0,0.0444444444444444,0.422222222222222,0.133333333333333,0.0888888888888889,NA,NA,NA
NA,NA,NA,NA,0,0,0.0444444444444444,0,0,NA,NA,NA
NA,NA,NA,NA,0,0,0.0666666666666667,0,0,NA,NA,NA
NA,NA,NA,NA,0,0,1.5,11,2,NA,NA,NA
NA,NA,NA,NA,0,0,0,0,0,NA,NA,NA
NA,NA,NA,NA,0,0.0444444444444444,0.0222222222222222,0.0222222222222222,0.0888888888888889,NA,NA,NA
NA,NA,NA,NA,0,0,0.0222222222222222,0.0444444444444444,0,NA,NA,NA
NA,NA,NA,NA,0,0,0.0222222222222222,0.266666666666667,0,NA,NA,NA
NA,NA,NA,NA,0,0,0.0666666666666667,0.0222222222222222,0,NA,NA,NA
NA,NA,NA,NA,0,0,0.133333333333333,0.133333333333333,0,NA,NA,NA
NA,NA,NA,NA,0,0,0.0444444444444444,0.111111111111111,0.0444444444444444,NA,NA,NA
NA,NA,NA,NA,0,0,0.5,1,0,NA,NA,NA
NA,NA,NA,NA,0,0,0.0526315789473684,0.105263157894737,0,NA,NA,NA
NA,NA,NA,NA,0,0,0.266666666666667,0.866666666666667,0,NA,NA,NA
NA,NA,NA,NA,0,0.0888888888888889,0.0222222222222222,0.0222222222222222,0.0444444444444444,NA,NA,NA
NA,NA,NA,NA,0,0,0.0222222222222222,0.355555555555556,0,NA,NA,NA
NA,NA,NA,NA,0,0,0.0222222222222222,0.177777777777778,0,NA,NA,NA
NA,NA,NA,NA,0,0,0,0.0444444444444444,0.0444444444444444,NA,NA,NA
NA,NA,NA,NA,0,0.0222222222222222,0.0222222222222222,0,0,NA,NA,NA
NA,NA,NA,NA,0,1,5.5,14,1.5,NA,NA,NA
NA,NA,NA,NA,0,0.105263157894737,0.0526315789473684,0,0.0526315789473684,NA,NA,NA
NA,NA,NA,NA,0,0,0.0222222222222222,0.0444444444444444,0,NA,NA,NA
NA,NA,NA,NA,0,0,0.0444444444444444,0.177777777777778,0.0444444444444444,NA,NA,NA
NA,NA,NA,NA,0,0,0.0444444444444444,0.0222222222222222,0.0222222222222222,NA,NA,NA
NA,NA,NA,NA,0,0,0.0222222222222222,0.0222222222222222,0,NA,NA,NA
NA,NA,NA,NA,0,0,0.133333333333333,0.488888888888889,0,NA,NA,NA
NA,NA,NA,NA,0,0,0.0222222222222222,0.0666666666666667,0,NA,NA,NA
NA,NA,NA,NA,0,0,0.5,0,0,NA,NA,NA
NA,NA,NA,NA,0,0,0.263157894736842,0.263157894736842,0,NA,NA,NA
NA,NA,NA,NA,0,0,0.0222222222222222,0.0222222222222222,0,NA,NA,NA
NA,NA,NA,NA,0,0,0.222222222222222,0.244444444444444,0,NA,NA,NA
NA,NA,NA,NA,0,0,0.111111111111111,0.711111111111111,0,NA,NA,NA
NA,NA,NA,NA,0,0,0.133333333333333,0.0444444444444444,0.0444444444444444,NA,NA,NA
NA,NA,NA,NA,0,0,0.0444444444444444,0.0222222222222222,0,NA,NA,NA
NA,NA,NA,NA,0,0,0.0444444444444444,0.0666666666666667,0,NA,NA,NA
NA,NA,NA,NA,0,0,0.5,13,0,NA,NA,NA
NA,NA,NA,NA,0,0,0.0526315789473684,0,0,NA,NA,NA
NA,NA,NA,NA,0,0.222222222222222,0.0444444444444444,0.0888888888888889,0,NA,NA,NA
NA,NA,NA,NA,0,0,0.0222222222222222,0.355555555555556,0,NA,NA,NA
NA,NA,NA,NA,0,0,0,0,0,NA,NA,NA
NA,NA,NA,NA,0,0,0.0222222222222222,0.555555555555556,0.0888888888888889,NA,NA,NA
NA,NA,NA,NA,0,0,0.0222222222222222,0.0222222222222222,0,NA,NA,NA
NA,NA,NA,NA,0,0,0.0444444444444444,0,0.0222222222222222,NA,NA,NA
NA,NA,NA,NA,0,0,0.5,3.5,0.5,NA,NA,NA
NA,NA,NA,NA,0,0,0,0.0526315789473684,0,NA,NA,NA
NA,NA,NA,NA,0,0,0.0444444444444444,0.111111111111111,0.0666666666666667,NA,NA,NA
NA,NA,NA,NA,0,0,0.488888888888889,0.111111111111111,0,NA,NA,NA
NA,NA,NA,NA,0,0,0.0222222222222222,0.155555555555556,0.0222222222222222,NA,NA,NA
NA,NA,NA,NA,0,0,0.0444444444444444,0,0,NA,NA,NA
NA,NA,NA,NA,0,0,0,0.111111111111111,0.0666666666666667,NA,NA,NA
NA,NA,NA,NA,0,0,0.0222222222222222,0.0444444444444444,0.0222222222222222,NA,NA,NA
NA,NA,NA,NA,0,0.5,1.5,0.5,0,NA,NA,NA
NA,NA,NA,NA,0,0,0.0526315789473684,0,0,NA,NA,NA
NA,NA,NA,NA,0,0.133333333333333,0.555555555555556,0.311111111111111,0,NA,NA,NA
NA,NA,NA,NA,0,0,0.0222222222222222,0.755555555555556,0.0444444444444444,NA,NA,NA
NA,NA,NA,NA,0,0,0,0.0222222222222222,0,NA,NA,NA
NA,NA,NA,NA,0,0,0.0222222222222222,0,0,NA,NA,NA
NA,NA,NA,NA,0,0.177777777777778,0,0.0222222222222222,0,NA,NA,NA
NA,NA,NA,NA,0,0.0222222222222222,0.666666666666667,0.555555555555556,0.0888888888888889,NA,NA,NA
NA,NA,NA,NA,0,0.5,0,0.5,0,NA,NA,NA
NA,NA,NA,NA,0,0.0526315789473684,0,0.157894736842105,0,NA,NA,NA
NA,NA,NA,NA,0,0,0.0444444444444444,0,0,NA,NA,NA
NA,NA,NA,NA,0,0,0,0.0222222222222222,0,NA,NA,NA
NA,NA,NA,NA,0,0,0.422222222222222,0.111111111111111,0,NA,NA,NA
NA,NA,NA,NA,0,0.0222222222222222,0.444444444444444,0.111111111111111,0,NA,NA,NA
NA,NA,NA,NA,0,0.0222222222222222,0,0.0222222222222222,0,NA,NA,NA
NA,NA,NA,NA,0,0.0222222222222222,0.0222222222222222,0.0444444444444444,0,NA,NA,NA
NA,NA,NA,NA,0,0,0.5,0,0,NA,NA,NA
NA,NA,NA,NA,0,0,0,0.526315789473684,0.210526315789474,NA,NA,NA
NA,NA,NA,NA,0,0,0.0444444444444444,0.0222222222222222,0,NA,NA,NA
NA,NA,NA,NA,0,0,0.355555555555556,0.0222222222222222,0,NA,NA,NA
NA,NA,NA,NA,0,0,0,0,0,NA,NA,NA
NA,NA,NA,NA,0,0.0222222222222222,0,0.111111111111111,0,NA,NA,NA
NA,NA,NA,NA,0,0,0,0,0,NA,NA,NA
NA,NA,NA,NA,0,0.111111111111111,0.133333333333333,0.0222222222222222,0,NA,NA,NA
NA,NA,NA,NA,0,0,0,0,0,NA,NA,NA
NA,NA,NA,NA,0,0,0.315789473684211,0.578947368421053,0,NA,NA,NA
NA,NA,NA,NA,0,0,0.0444444444444444,0.244444444444444,0.0222222222222222,NA,NA,NA
NA,NA,NA,NA,0,0,0.0222222222222222,0.0444444444444444,0.0222222222222222,NA,NA,NA
NA,NA,NA,NA,0,0,0.0222222222222222,0.822222222222222,0.0888888888888889,NA,NA,NA
NA,NA,NA,NA,0,0,0.155555555555556,0.466666666666667,0,NA,NA,NA
NA,NA,NA,NA,0,0,0,0,0,NA,NA,NA
NA,NA,NA,NA,0,0,0.266666666666667,0.711111111111111,0.0222222222222222,NA,NA,NA
NA,NA,NA,NA,0,1,0.5,3,0.5,NA,NA,NA
NA,NA,NA,NA,0,0,0,0.263157894736842,0,NA,NA,NA
NA,NA,NA,NA,0,0,0.0444444444444444,0,0,NA,NA,NA
NA,NA,NA,NA,0,0,0.0666666666666667,0,0,NA,NA,NA
NA,NA,NA,NA,0,0.266666666666667,0.355555555555556,0.0444444444444444,0.0222222222222222,NA,NA,NA
NA,NA,NA,NA,0,0,0.0222222222222222,0.0444444444444444,0,NA,NA,NA
NA,NA,NA,NA,0,0.0222222222222222,0.244444444444444,0.155555555555556,0,NA,NA,NA
NA,NA,NA,NA,0,0,0.0222222222222222,0.0666666666666667,0,NA,NA,NA
NA,NA,NA,NA,0,0,0.5,1,0,NA,NA,NA
NA,NA,NA,NA,0,0.0526315789473684,0.105263157894737,0,0,NA,NA,NA
NA,NA,NA,NA,0,0,0.0666666666666667,0.355555555555556,0,NA,NA,NA
NA,NA,NA,NA,0,0,0.0888888888888889,0.0222222222222222,0,NA,NA,NA
NA,NA,NA,NA,0,0,0.0222222222222222,0,0,NA,NA,NA
NA,NA,NA,NA,0,0.0222222222222222,0.0444444444444444,0.422222222222222,0,NA,NA,NA
NA,NA,NA,NA,0,0,0.0888888888888889,0.266666666666667,0.0666666666666667,NA,NA,NA
NA,NA,NA,NA,0,0,0.0222222222222222,0.0888888888888889,0,NA,NA,NA
NA,NA,NA,NA,0,0,0,0,0,NA,NA,NA
NA,NA,NA,NA,0,0.315789473684211,0,0.105263157894737,0,NA,NA,NA
NA,NA,NA,NA,0,0,0,0.266666666666667,0,NA,NA,NA
NA,NA,NA,NA,0,0,0,0.0444444444444444,0,NA,NA,NA
NA,NA,NA,NA,0,0,0,0.222222222222222,0,NA,NA,NA
NA,NA,NA,NA,0,0,0.0444444444444444,0,0,NA,NA,NA
NA,NA,NA,NA,0,0,0.0666666666666667,0.0666666666666667,0.0222222222222222,NA,NA,NA
NA,NA,NA,NA,0,0,0,0.177777777777778,0,NA,NA,NA
NA,NA,NA,NA,0,0,0.5,0,0,NA,NA,NA
NA,NA,NA,NA,0,0,0.0526315789473684,0.0526315789473684,0.210526315789474,NA,NA,NA
NA,NA,NA,NA,0,0,0,0.555555555555556,0.0888888888888889,NA,NA,NA
NA,NA,NA,NA,0,0,0.355555555555556,0.0444444444444444,0,NA,NA,NA
NA,NA,NA,NA,0,0.0222222222222222,0.0444444444444444,0.288888888888889,0.0222222222222222,NA,NA,NA
NA,NA,NA,NA,0,0,0.0888888888888889,0.0888888888888889,0,NA,NA,NA
NA,NA,NA,NA,0,0.0444444444444444,0.133333333333333,0.222222222222222,0,NA,NA,NA
NA,NA,NA,NA,0,0,0,0,0,NA,NA,NA
NA,NA,NA,NA,0,0,0,0,0,NA,NA,NA
NA,NA,NA,NA,0,0,0.0526315789473684,0.0526315789473684,0,NA,NA,NA
NA,NA,NA,NA,0,0,0.0444444444444444,0.155555555555556,0.0222222222222222,NA,NA,NA
NA,NA,NA,NA,0,0,0.0444444444444444,0.622222222222222,0,NA,NA,NA
NA,NA,NA,NA,0,0,0.0444444444444444,0.111111111111111,0,NA,NA,NA
NA,NA,NA,NA,0,0,0,0.377777777777778,0.0888888888888889,NA,NA,NA
NA,NA,NA,NA,0,0,0.0666666666666667,0.0222222222222222,0,NA,NA,NA
NA,NA,NA,NA,0,0.0222222222222222,0.0222222222222222,0.0222222222222222,0.0888888888888889,NA,NA,NA
NA,NA,NA,NA,0,0,1,1,0,NA,NA,NA
NA,NA,NA,NA,0,0,0.0526315789473684,0.0526315789473684,0,NA,NA,NA
NA,NA,NA,NA,0,0,0,0.4,0,NA,NA,NA
NA,NA,NA,NA,0,0.377777777777778,0.0888888888888889,0.377777777777778,0,NA,NA,NA
NA,NA,NA,NA,0,0.222222222222222,0.0222222222222222,0.0888888888888889,0,NA,NA,NA
NA,NA,NA,NA,0,0.0222222222222222,0.311111111111111,0.444444444444444,0.0888888888888889,NA,NA,NA
NA,NA,NA,NA,0,0.0222222222222222,0,0.0444444444444444,0,NA,NA,NA
NA,NA,NA,NA,0,0.0222222222222222,0.0222222222222222,0.0222222222222222,0.0222222222222222,NA,NA,NA
NA,NA,NA,NA,0,0,0,1.5,0,NA,NA,NA
NA,NA,NA,NA,0,0,0.0526315789473684,0.0526315789473684,0,NA,NA,NA
NA,NA,NA,NA,0,0,0.0222222222222222,0.0222222222222222,0.0444444444444444,NA,NA,NA
NA,NA,NA,NA,0,0,0.0222222222222222,0.0222222222222222,0,NA,NA,NA
NA,NA,NA,NA,0,0,0,0.0666666666666667,0,NA,NA,NA
NA,NA,NA,NA,0,0,0.133333333333333,0.533333333333333,0,NA,NA,NA
NA,NA,NA,NA,0,0,0.0444444444444444,0,0,NA,NA,NA
NA,NA,NA,NA,0,0,0.0222222222222222,0.0222222222222222,0,NA,NA,NA
NA,NA,NA,NA,0,0,0.5,5.5,0,NA,NA,NA
NA,NA,NA,NA,0,0,0.0526315789473684,0.210526315789474,0.0526315789473684,NA,NA,NA
NA,NA,NA,NA,0,0,0.0222222222222222,0,0,NA,NA,NA
NA,NA,NA,NA,0,0,0,0.0222222222222222,0,NA,NA,NA
NA,NA,NA,NA,0,0,0.0222222222222222,0.222222222222222,0,NA,NA,NA
NA,NA,NA,NA,0,0.0222222222222222,0.177777777777778,0.377777777777778,0,NA,NA,NA
NA,NA,NA,NA,0,0,0.133333333333333,0.155555555555556,0.0888888888888889,NA,NA,NA
NA,NA,NA,NA,0,0,0.155555555555556,0.155555555555556,0,NA,NA,NA
NA,NA,NA,NA,0,0,1.5,0,0,NA,NA,NA
NA,NA,NA,NA,0,0,0.157894736842105,0.0526315789473684,0,NA,NA,NA
NA,NA,NA,NA,0,0.111111111111111,0.0888888888888889,0.0444444444444444,0.0888888888888889,NA,NA,NA
NA,NA,NA,NA,0,0,0.0666666666666667,0.0222222222222222,0.0222222222222222,NA,NA,NA
NA,NA,NA,NA,0,0,0.0666666666666667,0,0,NA,NA,NA
NA,NA,NA,NA,0,0,0.0888888888888889,0.244444444444444,0,NA,NA,NA
NA,NA,NA,NA,0,0,0.133333333333333,0.0222222222222222,0,NA,NA,NA
NA,NA,NA,NA,0,0,0.0444444444444444,0.355555555555556,0.0888888888888889,NA,NA,NA
NA,NA,NA,NA,0,0,1.5,1.5,0,NA,NA,NA
NA,NA,NA,NA,0,0,0.0526315789473684,0.0526315789473684,0,NA,NA,NA
NA,NA,NA,NA,0,0,0.0444444444444444,0.0222222222222222,0,NA,NA,NA
NA,NA,NA,NA,0,0,0.0222222222222222,0,0,NA,NA,NA
NA,NA,NA,NA,0,0.0222222222222222,0.0444444444444444,0.0666666666666667,0.0444444444444444,NA,NA,NA
NA,NA,NA,NA,0,0.0222222222222222,0.133333333333333,0.177777777777778,0,NA,NA,NA
NA,NA,NA,NA,0,0,0.0444444444444444,0.0444444444444444,0,NA,NA,NA
NA,NA,NA,NA,0,0,0.0444444444444444,0,0.0222222222222222,NA,NA,NA
NA,NA,NA,NA,0,0,0.5,0,0,NA,NA,NA
NA,NA,NA,NA,0,0,0.105263157894737,0,0,NA,NA,NA
NA,NA,NA,NA,0,0,0.0444444444444444,0.111111111111111,0,NA,NA,NA
NA,NA,NA,NA,0,0,0.0222222222222222,0.0444444444444444,0,NA,NA,NA
NA,NA,NA,NA,0,0,0.0222222222222222,0.488888888888889,0.0444444444444444,NA,NA,NA
NA,NA,NA,NA,0,0,0.0222222222222222,0,0.0444444444444444,NA,NA,NA
NA,NA,NA,NA,0,0,0.0222222222222222,0.0888888888888889,0,NA,NA,NA
NA,NA,NA,NA,0,0,0.0444444444444444,0.355555555555556,0.0888888888888889,NA,NA,NA
NA,NA,NA,NA,0,0,1,0.5,0,NA,NA,NA
NA,NA,NA,NA,0,0,0.157894736842105,0.105263157894737,0.0526315789473684,NA,NA,NA
NA,NA,NA,NA,0,0,0.0666666666666667,0,0,NA,NA,NA
NA,NA,NA,NA,0,0,0.688888888888889,0.2,0.0222222222222222,NA,NA,NA
NA,NA,NA,NA,0,0,0.111111111111111,0.533333333333333,0,NA,NA,NA
NA,NA,NA,NA,0,0,0.0222222222222222,0.155555555555556,0.0888888888888889,NA,NA,NA
NA,NA,NA,NA,0,0,0.0222222222222222,0.222222222222222,0,NA,NA,NA
NA,NA,NA,NA,0,0,0.288888888888889,0.0444444444444444,0,NA,NA,NA
NA,NA,NA,NA,0,0,1,9.5,0,NA,NA,NA
NA,NA,NA,NA,0,0,0.105263157894737,0.0526315789473684,0,NA,NA,NA
NA,NA,NA,NA,0,0,0.0444444444444444,0.4,0,NA,NA,NA
NA,NA,NA,NA,0,0,0.0888888888888889,0.0222222222222222,0,NA,NA,NA
NA,NA,NA,NA,0,0,0.0666666666666667,0.911111111111111,0,NA,NA,NA
NA,NA,NA,NA,0,0.0222222222222222,0,0.955555555555556,0,NA,NA,NA
NA,NA,NA,NA,0,0,0,0,0.0888888888888889,NA,NA,NA
NA,NA,NA,NA,0,0,0.0222222222222222,0.0666666666666667,0,NA,NA,NA
NA,NA,NA,NA,0,0,0.5,0,0,NA,NA,NA
NA,NA,NA,NA,0,0,0.157894736842105,0.210526315789474,0,NA,NA,NA
NA,NA,NA,NA,0,0,0.0444444444444444,0.0222222222222222,0.0222222222222222,NA,NA,NA
NA,NA,NA,NA,0,0,0.0222222222222222,0.0222222222222222,0,NA,NA,NA
NA,NA,NA,NA,0,0,0.0222222222222222,0,0,NA,NA,NA
NA,NA,NA,NA,0,0,0.0222222222222222,0.244444444444444,0.0888888888888889,NA,NA,NA
NA,NA,NA,NA,0,0,0.0222222222222222,0.0222222222222222,0,NA,NA,NA
NA,NA,NA,NA,0,0.0666666666666667,0.0666666666666667,0.0222222222222222,0,NA,NA,NA
NA,NA,NA,NA,0,0,0,1.5,1,NA,NA,NA
NA,NA,NA,NA,0,0,0.105263157894737,0.947368421052632,0,NA,NA,NA
NA,NA,NA,NA,0,0,0.0222222222222222,0.0666666666666667,0,NA,NA,NA
NA,NA,NA,NA,0,0.0222222222222222,0.355555555555556,0.288888888888889,0,NA,NA,NA
NA,NA,NA,NA,0,0,0.0222222222222222,0.0666666666666667,0,NA,NA,NA
NA,NA,NA,NA,0,0,0.0222222222222222,0.111111111111111,0,NA,NA,NA
NA,NA,NA,NA,0,0,0.0444444444444444,0.155555555555556,0,NA,NA,NA
NA,NA,NA,NA,0,0,0.0222222222222222,0.0222222222222222,0,NA,NA,NA
NA,NA,NA,NA,0,0,0.5,0,0,NA,NA,NA
NA,NA,NA,NA,0,0,0.157894736842105,0,0,NA,NA,NA
NA,NA,NA,NA,0,0,0,0.4,0.0888888888888889,NA,NA,NA
NA,NA,NA,NA,0,0,0.0444444444444444,0,0,NA,NA,NA
NA,NA,NA,NA,0,0,0.0222222222222222,0.0222222222222222,0,NA,NA,NA
NA,NA,NA,NA,0,0,0.0888888888888889,0.0666666666666667,0,NA,NA,NA
NA,NA,NA,NA,0,0,0.222222222222222,0.0222222222222222,0,NA,NA,NA
NA,NA,NA,NA,0,0,0,0,0,NA,NA,NA
NA,NA,NA,NA,0,0,0,0,0.5,NA,NA,NA
NA,NA,NA,NA,0,0,0.684210526315789,0.421052631578947,0,NA,NA,NA
NA,NA,NA,NA,0,0,0.155555555555556,0.333333333333333,0.0222222222222222,NA,NA,NA
NA,NA,NA,NA,0,0.0222222222222222,0.0888888888888889,0,0,NA,NA,NA
NA,NA,NA,NA,0,0,0.0888888888888889,0.0444444444444444,0,NA,NA,NA
NA,NA,NA,NA,0,0,0.0444444444444444,0.0222222222222222,0,NA,NA,NA
NA,NA,NA,NA,0,0,0,0.2,0.111111111111111,NA,NA,NA
NA,NA,NA,NA,0,0.0666666666666667,0.0222222222222222,0.0444444444444444,0,NA,NA,NA
NA,NA,NA,NA,0,0,1,1,0,NA,NA,NA
NA,NA,NA,NA,0,0,0,0.105263157894737,0,NA,NA,NA
NA,NA,NA,NA,0,0,0.0888888888888889,0.6,0.0888888888888889,NA,NA,NA
NA,NA,NA,NA,0,0,0.0222222222222222,0.0888888888888889,0.0888888888888889,NA,NA,NA
NA,NA,NA,NA,0,0,0.0666666666666667,0.0222222222222222,0.0222222222222222,NA,NA,NA
NA,NA,NA,NA,0,0,0.155555555555556,0.222222222222222,0.0888888888888889,NA,NA,NA
NA,NA,NA,NA,0,0,0.0888888888888889,0.266666666666667,0,NA,NA,NA
NA,NA,NA,NA,0,0,0.111111111111111,0.177777777777778,0,NA,NA,NA
NA,NA,NA,NA,0,0,2,4,0,NA,NA,NA
NA,NA,NA,NA,0,0,0.210526315789474,0,0.0526315789473684,NA,NA,NA
NA,NA,NA,NA,0,0,0,0.177777777777778,0.0222222222222222,NA,NA,NA
NA,NA,NA,NA,0,0,0,0,0,NA,NA,NA
NA,NA,NA,NA,0,0,0.0666666666666667,0.244444444444444,0,NA,NA,NA
NA,NA,NA,NA,0,0.0222222222222222,0.0222222222222222,0.155555555555556,0,NA,NA,NA
NA,NA,NA,NA,0,0,0,0.0666666666666667,0,NA,NA,NA
NA,NA,NA,NA,0,0,0.0666666666666667,0.0666666666666667,0,NA,NA,NA
NA,NA,NA,NA,0,0,7.5,2,0,NA,NA,NA
NA,NA,NA,NA,0,0,0.0526315789473684,0.0526315789473684,0,NA,NA,NA
NA,NA,NA,NA,0,0,0.2,0.711111111111111,0.0888888888888889,NA,NA,NA
NA,NA,NA,NA,0,0,0,0.0222222222222222,0,NA,NA,NA
NA,NA,NA,NA,0,0,0.0222222222222222,0.0444444444444444,0,NA,NA,NA
NA,NA,NA,NA,0,0,0,0.0888888888888889,0,NA,NA,NA
NA,NA,NA,NA,0,0,0.0666666666666667,0.0444444444444444,0,NA,NA,NA
NA,NA,NA,NA,0,0.0888888888888889,0.0444444444444444,1.26666666666667,0.0666666666666667,NA,NA,NA
NA,NA,NA,NA,0,0.5,0,1,0,NA,NA,NA
NA,NA,NA,NA,0,0.105263157894737,0,0,0,NA,NA,NA
NA,NA,NA,NA,0,0,0,0.0222222222222222,0,NA,NA,NA
NA,NA,NA,NA,0,0,0,0.155555555555556,0,NA,NA,NA
NA,NA,NA,NA,0,0,0,0.0222222222222222,0,NA,NA,NA
NA,NA,NA,NA,0,0,0.0888888888888889,0.511111111111111,0.0222222222222222,NA,NA,NA
NA,NA,NA,NA,0,0,0,0.444444444444444,0.0222222222222222,NA,NA,NA
NA,NA,NA,NA,0,0,0,0.444444444444444,0.0222222222222222,NA,NA,NA
NA,NA,NA,NA,0,0,0.5,1,0.5,NA,NA,NA
NA,NA,NA,NA,0,0.0526315789473684,0.0526315789473684,0.0526315789473684,0.105263157894737,NA,NA,NA
NA,NA,NA,NA,0,0,0.0666666666666667,0.177777777777778,0.0222222222222222,NA,NA,NA
NA,NA,NA,NA,0,0,0.0222222222222222,0,0,NA,NA,NA
NA,NA,NA,NA,0,0,0,0.355555555555556,0.0888888888888889,NA,NA,NA
NA,NA,NA,NA,0,0.0444444444444444,0.0444444444444444,0.0222222222222222,0,NA,NA,NA
NA,NA,NA,NA,0,0,0.0888888888888889,0.266666666666667,0,NA,NA,NA
NA,NA,NA,NA,0,0,0.288888888888889,0.0444444444444444,0,NA,NA,NA
NA,NA,NA,NA,0,0,7.5,1,0,NA,NA,NA
NA,NA,NA,NA,0,0,0.0526315789473684,0.368421052631579,0.105263157894737,NA,NA,NA
NA,NA,NA,NA,0,0.0222222222222222,0.0222222222222222,0,0,NA,NA,NA
NA,NA,NA,NA,0,0,0,0,0,NA,NA,NA
NA,NA,NA,NA,0,0,0.222222222222222,0.266666666666667,0,NA,NA,NA
NA,NA,NA,NA,0,0,0.377777777777778,0,0,NA,NA,NA
NA,NA,NA,NA,0,0,0.0222222222222222,0.222222222222222,0.0888888888888889,NA,NA,NA
NA,NA,NA,NA,0,0,0.0222222222222222,0.711111111111111,0,NA,NA,NA
NA,NA,NA,NA,0,0,1.5,0,0,NA,NA,NA
NA,NA,NA,NA,0,0.263157894736842,1.36842105263158,1.15789473684211,0,NA,NA,NA
NA,NA,NA,NA,0,0,0.0444444444444444,0,0,NA,NA,NA
NA,NA,NA,NA,0,0,0.0666666666666667,0.0222222222222222,0,NA,NA,NA
NA,NA,NA,NA,0,0,0.0222222222222222,0.0222222222222222,0,NA,NA,NA
NA,NA,NA,NA,0,0,0.0222222222222222,0.377777777777778,0,NA,NA,NA
NA,NA,NA,NA,0,0,0.0222222222222222,0.0222222222222222,0,NA,NA,NA
NA,NA,NA,NA,0,0.0222222222222222,0.0222222222222222,0.444444444444444,0,NA,NA,NA
NA,NA,NA,NA,0,0,1.5,0.5,0.5,NA,NA,NA
NA,NA,NA,NA,0,0,0.105263157894737,0,0,NA,NA,NA
NA,NA,NA,NA,0,0,0.0888888888888889,0.222222222222222,0,NA,NA,NA
NA,NA,NA,NA,0,0,0.0444444444444444,0,0,NA,NA,NA
NA,NA,NA,NA,0,0,0.0222222222222222,0.0444444444444444,0.0222222222222222,NA,NA,NA
NA,NA,NA,NA,0,0,0.0444444444444444,0.0666666666666667,0,NA,NA,NA
NA,NA,NA,NA,0,0,0.0222222222222222,0.0444444444444444,0,NA,NA,NA
NA,NA,NA,NA,0,0,0.0444444444444444,0.133333333333333,0.0888888888888889,NA,NA,NA
NA,NA,NA,NA,0,0,2.5,2.5,0,NA,NA,NA
NA,NA,NA,NA,0,0,0.210526315789474,0.105263157894737,0,NA,NA,NA
NA,NA,NA,NA,0,0,0.266666666666667,0.377777777777778,0.155555555555556,NA,NA,NA
NA,NA,NA,NA,0,0,0.0222222222222222,0.133333333333333,0,NA,NA,NA
NA,NA,NA,NA,0,0,0.0444444444444444,0,0,NA,NA,NA
NA,NA,NA,NA,0,0,0.0222222222222222,0.111111111111111,0.0222222222222222,NA,NA,NA
NA,NA,NA,NA,0,0,0.111111111111111,0.0444444444444444,0.0222222222222222,NA,NA,NA
NA,NA,NA,NA,0,0,0.0222222222222222,0.155555555555556,0.0888888888888889,NA,NA,NA
NA,NA,NA,NA,0,0,1,1,0,NA,NA,NA
NA,NA,NA,NA,0,0,0.210526315789474,0.105263157894737,0,NA,NA,NA
NA,NA,NA,NA,0,0,0.0222222222222222,0.2,0.0444444444444444,NA,NA,NA
NA,NA,NA,NA,0,0.0222222222222222,0,0.0222222222222222,0,NA,NA,NA
NA,NA,NA,NA,0,0,0.0666666666666667,0.0222222222222222,0,NA,NA,NA
NA,NA,NA,NA,0,0.444444444444444,0.0888888888888889,0.111111111111111,0,NA,NA,NA
NA,NA,NA,NA,0,0.0222222222222222,0.0444444444444444,0.0222222222222222,0,NA,NA,NA
NA,NA,NA,NA,0,0,0.0888888888888889,0.755555555555556,0.111111111111111,NA,NA,NA
NA,NA,NA,NA,0,0,0,16.5,1.5,NA,NA,NA
NA,NA,NA,NA,0,0,0.263157894736842,0.0526315789473684,0,NA,NA,NA
NA,NA,NA,NA,0,0,0.0222222222222222,0.0888888888888889,0.0888888888888889,NA,NA,NA
NA,NA,NA,NA,0,0,0.0444444444444444,0,0.0222222222222222,NA,NA,NA
NA,NA,NA,NA,0,0,0.0444444444444444,0.177777777777778,0.0444444444444444,NA,NA,NA
NA,NA,NA,NA,0,0.133333333333333,0.0444444444444444,0.0666666666666667,0,NA,NA,NA
NA,NA,NA,NA,0,0,0.111111111111111,0.488888888888889,0,NA,NA,NA
NA,NA,NA,NA,0,0,0.2,0.111111111111111,0.0222222222222222,NA,NA,NA
NA,NA,NA,NA,0,0,1,10,1.5,NA,NA,NA
NA,NA,NA,NA,0,0.578947368421053,0.736842105263158,1.21052631578947,0,NA,NA,NA
NA,NA,NA,NA,0,0,0.133333333333333,0.222222222222222,0.0222222222222222,NA,NA,NA
NA,NA,NA,NA,0,0,0.0888888888888889,0.0444444444444444,0,NA,NA,NA
NA,NA,NA,NA,0,0,0.0444444444444444,0.177777777777778,0,NA,NA,NA
NA,NA,NA,NA,0,0,0.155555555555556,1.2,0,NA,NA,NA
NA,NA,NA,NA,0,0,0.133333333333333,0.177777777777778,0,NA,NA,NA
NA,NA,NA,NA,0,0,0.0222222222222222,0.0222222222222222,0,NA,NA,NA
NA,NA,NA,NA,0,0,0.5,1.5,1.5,NA,NA,NA
NA,NA,NA,NA,0,0,0.0526315789473684,0.421052631578947,0.263157894736842,NA,NA,NA
NA,NA,NA,NA,0,0,0.0666666666666667,0.0222222222222222,0,NA,NA,NA
NA,NA,NA,NA,0,0,0.0666666666666667,0.0222222222222222,0,NA,NA,NA
NA,NA,NA,NA,0,0,0.0888888888888889,0.0444444444444444,0,NA,NA,NA
NA,NA,NA,NA,0,0,0.0444444444444444,0.0222222222222222,0.0222222222222222,NA,NA,NA
NA,NA,NA,NA,0,0,0.511111111111111,0.422222222222222,0.0222222222222222,NA,NA,NA
NA,NA,NA,NA,0,0,0.0666666666666667,0.844444444444444,0,NA,NA,NA
NA,NA,NA,NA,0,0,1.5,2,2,NA,NA,NA
NA,NA,NA,NA,0,0,0.368421052631579,0.368421052631579,0,NA,NA,NA
NA,NA,NA,NA,0,0,0.177777777777778,0,0,NA,NA,NA
NA,NA,NA,NA,0,0,0.0444444444444444,0.155555555555556,0,NA,NA,NA
NA,NA,NA,NA,0,0,0.0444444444444444,0.133333333333333,0.0888888888888889,NA,NA,NA
NA,NA,NA,NA,0,0,0.0444444444444444,0,0,NA,NA,NA
NA,NA,NA,NA,0,0,0.111111111111111,0.466666666666667,0.0888888888888889,NA,NA,NA
NA,NA,NA,NA,0,0,0.0666666666666667,0.0222222222222222,0,NA,NA,NA
NA,NA,NA,NA,0,0,0,0,0,NA,NA,NA
NA,NA,NA,NA,0,0,0.0526315789473684,0.0526315789473684,0,NA,NA,NA
NA,NA,NA,NA,0,0.0222222222222222,0,0.0222222222222222,0,NA,NA,NA
NA,NA,NA,NA,0,0,0.155555555555556,0.0444444444444444,0,NA,NA,NA
NA,NA,NA,NA,0,0,0.111111111111111,0,0,NA,NA,NA
NA,NA,NA,NA,0,0,0.0222222222222222,0.0222222222222222,0,NA,NA,NA
NA,NA,NA,NA,0,0,0.0222222222222222,0.0888888888888889,0,NA,NA,NA
NA,NA,NA,NA,0,0.288888888888889,0.2,0.0444444444444444,0.0222222222222222,NA,NA,NA
NA,NA,NA,NA,0,0,1,2,0,NA,NA,NA
NA,NA,NA,NA,0,0,0.105263157894737,0,0,NA,NA,NA
NA,NA,NA,NA,0,0,0.0444444444444444,0.0666666666666667,0,NA,NA,NA
NA,NA,NA,NA,0,0,0.0666666666666667,0.444444444444444,0.0888888888888889,NA,NA,NA
NA,NA,NA,NA,0,0,0.0222222222222222,0.0444444444444444,0,NA,NA,NA
NA,NA,NA,NA,0,0,0,0.0222222222222222,0,NA,NA,NA
NA,NA,NA,NA,0,0.355555555555556,0.0666666666666667,0.177777777777778,0,NA,NA,NA
NA,NA,NA,NA,0,0.0222222222222222,0.0444444444444444,0.0888888888888889,0,NA,NA,NA
NA,NA,NA,NA,0,0,0.5,0.5,0,NA,NA,NA
NA,NA,NA,NA,0,0.0526315789473684,0.0526315789473684,0.0526315789473684,0,NA,NA,NA
NA,NA,NA,NA,0,0,0.177777777777778,0.2,0,NA,NA,NA
NA,NA,NA,NA,0,0,0.0444444444444444,0.2,0,NA,NA,NA
NA,NA,NA,NA,0,0.0222222222222222,0.0444444444444444,0,0,NA,NA,NA
NA,NA,NA,NA,0,0,0.0222222222222222,0,0,NA,NA,NA
NA,NA,NA,NA,0,0,0.0222222222222222,0.0444444444444444,0,NA,NA,NA
NA,NA,NA,NA,0,0,0.0444444444444444,0,0,NA,NA,NA
NA,NA,NA,NA,0,0,0.5,0,0,NA,NA,NA
NA,NA,NA,NA,0,0,0.0526315789473684,0.157894736842105,0,NA,NA,NA
NA,NA,NA,NA,0,0,0.111111111111111,0.4,0,NA,NA,NA
NA,NA,NA,NA,0,0.0222222222222222,0.0666666666666667,0.377777777777778,0,NA,NA,NA
NA,NA,NA,NA,0,0,0.0222222222222222,0.0222222222222222,0,NA,NA,NA
NA,NA,NA,NA,0,0,0.0444444444444444,0.333333333333333,0.0444444444444444,NA,NA,NA
NA,NA,NA,NA,0,0,0.0444444444444444,0.0222222222222222,0.0222222222222222,NA,NA,NA
NA,NA,NA,NA,0,0,0.0444444444444444,0.2,0,NA,NA,NA
NA,NA,NA,NA,0,3.5,2,0,0,NA,NA,NA
NA,NA,NA,NA,0,0.894736842105263,0.684210526315789,0.736842105263158,0.210526315789474,NA,NA,NA
NA,NA,NA,NA,0,0,0.222222222222222,0.333333333333333,0.0222222222222222,NA,NA,NA
NA,NA,NA,NA,0,0,0.222222222222222,0.311111111111111,0,NA,NA,NA
NA,NA,NA,NA,0,0,0.0666666666666667,0.0666666666666667,0,NA,NA,NA
NA,NA,NA,NA,0,0,0.0666666666666667,0.0222222222222222,0,NA,NA,NA
NA,NA,NA,NA,0,0,0.0222222222222222,0,0,NA,NA,NA
NA,NA,NA,NA,0,0,0.0666666666666667,0.0888888888888889,0.0222222222222222,NA,NA,NA
NA,NA,NA,NA,0,0,1.5,0,0,NA,NA,NA
NA,NA,NA,NA,0,0,0.105263157894737,0.526315789473684,0.210526315789474,NA,NA,NA
NA,NA,NA,NA,0,0,0.111111111111111,0.266666666666667,0.0888888888888889,NA,NA,NA
NA,NA,NA,NA,0,0,0.0666666666666667,0.311111111111111,0,NA,NA,NA
NA,NA,NA,NA,0,0.0222222222222222,0.0222222222222222,0.466666666666667,0,NA,NA,NA
NA,NA,NA,NA,0,0,0.0444444444444444,0.0222222222222222,0,NA,NA,NA
NA,NA,NA,NA,0,0,0.0222222222222222,0.0222222222222222,0,NA,NA,NA
NA,NA,NA,NA,0,0,0.0444444444444444,0,0,NA,NA,NA
NA,NA,NA,NA,0,0,9,17,0,NA,NA,NA
NA,NA,NA,NA,0,0,0.0526315789473684,1.78947368421053,0,NA,NA,NA
NA,NA,NA,NA,0,0.0666666666666667,0.244444444444444,0.0444444444444444,0.0222222222222222,NA,NA,NA
NA,NA,NA,NA,0,0.0222222222222222,0.0444444444444444,0.133333333333333,0.0888888888888889,NA,NA,NA
NA,NA,NA,NA,0,0,0,0,0,NA,NA,NA
NA,NA,NA,NA,0,0.0444444444444444,0.0888888888888889,0.0444444444444444,0,NA,NA,NA
NA,NA,NA,NA,0,0.0222222222222222,0,0.0444444444444444,0,NA,NA,NA
NA,NA,NA,NA,0,0,0.244444444444444,0.111111111111111,0,NA,NA,NA
NA,NA,NA,NA,0,1,1,1,0,NA,NA,NA
NA,NA,NA,NA,0,0.263157894736842,0.368421052631579,1.42105263157895,0,NA,NA,NA
NA,NA,NA,NA,0,0,0.0444444444444444,0.0222222222222222,0.0222222222222222,NA,NA,NA
NA,NA,NA,NA,0,0,0.0666666666666667,0.0222222222222222,0,NA,NA,NA
NA,NA,NA,NA,0,0.0222222222222222,0.0222222222222222,0.0222222222222222,0,NA,NA,NA
NA,NA,NA,NA,0,0,0.111111111111111,0,0,NA,NA,NA
NA,NA,NA,NA,0,0,0.0222222222222222,0.0222222222222222,0.0222222222222222,NA,NA,NA
NA,NA,NA,NA,0,0,0.133333333333333,0.244444444444444,0,NA,NA,NA
NA,NA,NA,NA,0,0,6,6,2,NA,NA,NA
NA,NA,NA,NA,0,0,0.157894736842105,0,0.157894736842105,NA,NA,NA
NA,NA,NA,NA,0,0,0,0,0,NA,NA,NA
NA,NA,NA,NA,0,0,0.133333333333333,0,0,NA,NA,NA
NA,NA,NA,NA,0,0.0444444444444444,0.0444444444444444,0.0666666666666667,0,NA,NA,NA
NA,NA,NA,NA,0,0.0222222222222222,0,0.0444444444444444,0,NA,NA,NA
NA,NA,NA,NA,0,0,0.0444444444444444,0.555555555555556,0.0888888888888889,NA,NA,NA
NA,NA,NA,NA,0,0.0222222222222222,0,0.288888888888889,0.0888888888888889,NA,NA,NA
NA,NA,NA,NA,0,0.5,2.5,2,0,NA,NA,NA
NA,NA,NA,NA,0,0,0.0526315789473684,0.157894736842105,0.105263157894737,NA,NA,NA
NA,NA,NA,NA,0,0,0.0666666666666667,0,0,NA,NA,NA
NA,NA,NA,NA,0,0.0444444444444444,0,0,0,NA,NA,NA
NA,NA,NA,NA,0,0,0,0.244444444444444,0,NA,NA,NA
NA,NA,NA,NA,0,0,0.0444444444444444,0,0,NA,NA,NA
NA,NA,NA,NA,0,0,0.0444444444444444,0,0,NA,NA,NA
NA,NA,NA,NA,0,0.0222222222222222,0.311111111111111,0.222222222222222,0,NA,NA,NA
NA,NA,NA,NA,0,1.5,0.5,0.5,0,NA,NA,NA
NA,NA,NA,NA,0,0.0526315789473684,0.0526315789473684,0.368421052631579,0,NA,NA,NA
NA,NA,NA,NA,0,0,0.0666666666666667,0.0222222222222222,0,NA,NA,NA
NA,NA,NA,NA,0,0,0.0666666666666667,0.288888888888889,0.0666666666666667,NA,NA,NA
NA,NA,NA,NA,0,0,0.0444444444444444,0,0,NA,NA,NA
NA,NA,NA,NA,0,0,0.0666666666666667,0.4,0,NA,NA,NA
NA,NA,NA,NA,0,0,0.0666666666666667,0.511111111111111,0.0888888888888889,NA,NA,NA
NA,NA,NA,NA,0,0,0.0444444444444444,0.0444444444444444,0,NA,NA,NA
NA,NA,NA,NA,0,0,1.5,15.5,2.5,NA,NA,NA
NA,NA,NA,NA,0,0,0.157894736842105,0.105263157894737,0,NA,NA,NA
NA,NA,NA,NA,0,0,0.0222222222222222,0.0222222222222222,0,NA,NA,NA
NA,NA,NA,NA,0,0,0.377777777777778,0.222222222222222,0,NA,NA,NA
NA,NA,NA,NA,0,0,0.0222222222222222,0.0222222222222222,0,NA,NA,NA
NA,NA,NA,NA,0,0.0222222222222222,0.0444444444444444,0.0222222222222222,0,NA,NA,NA
NA,NA,NA,NA,0,0.0222222222222222,0.0222222222222222,0.311111111111111,0,NA,NA,NA
NA,NA,NA,NA,0,0,0.0444444444444444,0.0222222222222222,0,NA,NA,NA
NA,NA,NA,NA,0,0.5,1,4.5,0,NA,NA,NA
NA,NA,NA,NA,0,0.0526315789473684,0.105263157894737,0.105263157894737,0,NA,NA,NA
NA,NA,NA,NA,0,0,0.155555555555556,0.0444444444444444,0,NA,NA,NA
NA,NA,NA,NA,0,0.111111111111111,0.2,0.0222222222222222,0,NA,NA,NA
NA,NA,NA,NA,0,0.0222222222222222,0.111111111111111,0.377777777777778,0.0888888888888889,NA,NA,NA
NA,NA,NA,NA,0,0,0.0222222222222222,0,0,NA,NA,NA
NA,NA,NA,NA,0,0,0.333333333333333,0,0,NA,NA,NA
NA,NA,NA,NA,0,0,0.0888888888888889,0,0,NA,NA,NA
NA,NA,NA,NA,0,0,1,9.5,0,NA,NA,NA
NA,NA,NA,NA,0,0.0526315789473684,0.0526315789473684,0.105263157894737,0,NA,NA,NA
NA,NA,NA,NA,0,0,0.0222222222222222,0.288888888888889,0.0888888888888889,NA,NA,NA
NA,NA,NA,NA,0,0,0.133333333333333,0.266666666666667,0.0888888888888889,NA,NA,NA
NA,NA,NA,NA,0,0,0.0888888888888889,0.355555555555556,0,NA,NA,NA
NA,NA,NA,NA,0,0,0.0222222222222222,0.0888888888888889,0,NA,NA,NA
NA,NA,NA,NA,0,0,0.0444444444444444,0,0,NA,NA,NA
NA,NA,NA,NA,0,0.0222222222222222,0.288888888888889,0.244444444444444,0,NA,NA,NA
NA,NA,NA,NA,0,0,0,0,0,NA,NA,NA
NA,NA,NA,NA,0,0,0.105263157894737,1.05263157894737,0.0526315789473684,NA,NA,NA
NA,NA,NA,NA,0,0,0.333333333333333,0.844444444444444,0.0888888888888889,NA,NA,NA
NA,NA,NA,NA,0,0,0.0222222222222222,0.0888888888888889,0,NA,NA,NA
NA,NA,NA,NA,0,0,0.0222222222222222,0.622222222222222,0.111111111111111,NA,NA,NA
NA,NA,NA,NA,0,0,0,0,0,NA,NA,NA
NA,NA,NA,NA,0,0,0.0222222222222222,0.0444444444444444,0,NA,NA,NA
NA,NA,NA,NA,0,0,0.0222222222222222,0.177777777777778,0,NA,NA,NA
NA,NA,NA,NA,0,0,1,0.5,0,NA,NA,NA
NA,NA,NA,NA,0,0,0.263157894736842,0.684210526315789,0,NA,NA,NA
NA,NA,NA,NA,0,0,0.0444444444444444,0.0666666666666667,0,NA,NA,NA
NA,NA,NA,NA,0,0,0.0222222222222222,0.0666666666666667,0,NA,NA,NA
NA,NA,NA,NA,0,0,0.0222222222222222,0,0,NA,NA,NA
NA,NA,NA,NA,0,0.0444444444444444,0,0.0444444444444444,0.0444444444444444,NA,NA,NA
NA,NA,NA,NA,0,0,0.422222222222222,0.0666666666666667,0.0222222222222222,NA,NA,NA
NA,NA,NA,NA,0,0,0.0666666666666667,0.377777777777778,0.0888888888888889,NA,NA,NA
NA,NA,NA,NA,0,0,0.5,7,0,NA,NA,NA
NA,NA,NA,NA,0,0.210526315789474,0.0526315789473684,0.263157894736842,0.210526315789474,NA,NA,NA
NA,NA,NA,NA,0,0.0222222222222222,0,0,0,NA,NA,NA
NA,NA,NA,NA,0,0,0,0.466666666666667,0.0888888888888889,NA,NA,NA
NA,NA,NA,NA,0,0,0.0222222222222222,0.0444444444444444,0,NA,NA,NA
NA,NA,NA,NA,0,0,0.0222222222222222,0.111111111111111,0,NA,NA,NA
NA,NA,NA,NA,0,0,0.0444444444444444,0.0666666666666667,0,NA,NA,NA
NA,NA,NA,NA,0,0,0,0.177777777777778,0,NA,NA,NA
NA,NA,NA,NA,0,0,1,8.5,0,NA,NA,NA
NA,NA,NA,NA,0,0,0,0.210526315789474,0,NA,NA,NA
NA,NA,NA,NA,0,0.0222222222222222,0,0.177777777777778,0.0666666666666667,NA,NA,NA
NA,NA,NA,NA,0,0,0.0222222222222222,0.0666666666666667,0.0222222222222222,NA,NA,NA
NA,NA,NA,NA,0,0.0222222222222222,0,0.0444444444444444,0.0222222222222222,NA,NA,NA
NA,NA,NA,NA,0,0,0.0666666666666667,0.155555555555556,0,NA,NA,NA
NA,NA,NA,NA,0,0,0,0,0.0222222222222222,NA,NA,NA
NA,NA,NA,NA,0,0,0.133333333333333,0.0222222222222222,0,NA,NA,NA
NA,NA,NA,NA,0,0,1.5,0,0,NA,NA,NA
NA,NA,NA,NA,0,0,0.210526315789474,0.0526315789473684,0,NA,NA,NA
NA,NA,NA,NA,0,0,0.111111111111111,0,0,NA,NA,NA
NA,NA,NA,NA,0,0,0.111111111111111,0.688888888888889,0,NA,NA,NA
NA,NA,NA,NA,0,0.0222222222222222,0.0444444444444444,0.133333333333333,0.0222222222222222,NA,NA,NA
NA,NA,NA,NA,0,0.0444444444444444,0.0666666666666667,0.0222222222222222,0.0222222222222222,NA,NA,NA
NA,NA,NA,NA,0,0.0222222222222222,0.0444444444444444,0.0222222222222222,0,NA,NA,NA
NA,NA,NA,NA,0,0,0.377777777777778,0.0444444444444444,0.0222222222222222,NA,NA,NA
NA,NA,NA,NA,0,0,0.5,0.5,0,NA,NA,NA
NA,NA,NA,NA,0,0.0526315789473684,0.157894736842105,0.526315789473684,0.421052631578947,NA,NA,NA
NA,NA,NA,NA,0,0.0222222222222222,0.0222222222222222,0,0,NA,NA,NA
NA,NA,NA,NA,0,0,0.0444444444444444,1,0.0888888888888889,NA,NA,NA
NA,NA,NA,NA,0,0,0.0222222222222222,0,0,NA,NA,NA
NA,NA,NA,NA,0,0,0.0666666666666667,0.133333333333333,0.0888888888888889,NA,NA,NA
NA,NA,NA,NA,0,0,0.222222222222222,0,0.0222222222222222,NA,NA,NA
NA,NA,NA,NA,0,0,0.0222222222222222,0,0.0222222222222222,NA,NA,NA
NA,NA,NA,NA,0,0,1.5,0,0,NA,NA,NA
NA,NA,NA,NA,0,0,0.105263157894737,0.0526315789473684,0,NA,NA,NA
NA,NA,NA,NA,0,0,0.0666666666666667,0.0222222222222222,0.0222222222222222,NA,NA,NA
NA,NA,NA,NA,0,0,0.111111111111111,0.0444444444444444,0,NA,NA,NA
NA,NA,NA,NA,0,0.0444444444444444,0.0888888888888889,0.0444444444444444,0,NA,NA,NA
NA,NA,NA,NA,0,0.0222222222222222,0.0222222222222222,0.0222222222222222,0,NA,NA,NA
NA,NA,NA,NA,0,0,0.0666666666666667,0.0222222222222222,0,NA,NA,NA
NA,NA,NA,NA,0,0,0.0444444444444444,0,0,NA,NA,NA
NA,NA,NA,NA,0,0.5,2,4,0,NA,NA,NA
NA,NA,NA,NA,0,0.0526315789473684,0.105263157894737,0.0526315789473684,0,NA,NA,NA
NA,NA,NA,NA,0,0.0222222222222222,0.644444444444444,0.8,0.0222222222222222,NA,NA,NA
NA,NA,NA,NA,0,0,0.0222222222222222,0.0666666666666667,0,NA,NA,NA
NA,NA,NA,NA,0,0.0222222222222222,0.0222222222222222,0.422222222222222,0.0888888888888889,NA,NA,NA
NA,NA,NA,NA,0,0,0,0.0222222222222222,0,NA,NA,NA
NA,NA,NA,NA,0,0,0.333333333333333,0.177777777777778,0,NA,NA,NA
NA,NA,NA,NA,0,0,0.0444444444444444,0.0666666666666667,0,NA,NA,NA
NA,NA,NA,NA,0,0,1,1,0,NA,NA,NA
NA,NA,NA,NA,0,0,0.210526315789474,0.0526315789473684,0,NA,NA,NA
NA,NA,NA,NA,0,0,0.0888888888888889,0,0,NA,NA,NA
NA,NA,NA,NA,0,0,0.0666666666666667,0.333333333333333,0,NA,NA,NA
NA,NA,NA,NA,0,0,0.0666666666666667,0.222222222222222,0.0444444444444444,NA,NA,NA
NA,NA,NA,NA,0,0,0.244444444444444,0.266666666666667,0,NA,NA,NA
NA,NA,NA,NA,0,0.0222222222222222,0.0444444444444444,0.0222222222222222,0,NA,NA,NA
NA,NA,NA,NA,0,0.0888888888888889,0.133333333333333,0.133333333333333,0,NA,NA,NA
NA,NA,NA,NA,0,0.5,4,2.5,0,NA,NA,NA
NA,NA,NA,NA,0,0,0.0526315789473684,0,0,NA,NA,NA
NA,NA,NA,NA,0,0,0.0888888888888889,0.0222222222222222,0,NA,NA,NA
NA,NA,NA,NA,0,0,0.288888888888889,0.533333333333333,0.0444444444444444,NA,NA,NA
NA,NA,NA,NA,0,0,0.111111111111111,0.533333333333333,0.0444444444444444,NA,NA,NA
NA,NA,NA,NA,0,0,0,0.244444444444444,0,NA,NA,NA
NA,NA,NA,NA,0,0,0,0.2,0,NA,NA,NA
NA,NA,NA,NA,0,0,0,0.0222222222222222,0.0888888888888889,NA,NA,NA
NA,NA,NA,NA,0,0,0.5,0,0,NA,NA,NA
NA,NA,NA,NA,0,0,1.05263157894737,0.157894736842105,0,NA,NA,NA
NA,NA,NA,NA,0,0,0,0.444444444444444,0,NA,NA,NA
NA,NA,NA,NA,0,0.0222222222222222,0.0222222222222222,0,0,NA,NA,NA
NA,NA,NA,NA,0,0,0,0,0,NA,NA,NA
NA,NA,NA,NA,0,0,0.0444444444444444,0.0444444444444444,0.0444444444444444,NA,NA,NA
NA,NA,NA,NA,0,0,0.0666666666666667,0.711111111111111,0.0888888888888889,NA,NA,NA
NA,NA,NA,NA,0,0.0222222222222222,0.0888888888888889,0.155555555555556,0,NA,NA,NA
NA,NA,NA,NA,0,0,0,8.5,0.5,NA,NA,NA
NA,NA,NA,NA,0,0,0.105263157894737,0.105263157894737,0,NA,NA,NA
NA,NA,NA,NA,0,0,0.0444444444444444,0.0666666666666667,0,NA,NA,NA
NA,NA,NA,NA,0,0,0.222222222222222,0.111111111111111,0,NA,NA,NA
NA,NA,NA,NA,0,0,0.377777777777778,0.888888888888889,0,NA,NA,NA
NA,NA,NA,NA,0,0,0.0222222222222222,0,0,NA,NA,NA
NA,NA,NA,NA,0,0,0.0222222222222222,0.577777777777778,0.0888888888888889,NA,NA,NA
NA,NA,NA,NA,0,0,0.0222222222222222,0.222222222222222,0,NA,NA,NA
NA,NA,NA,NA,0,0.5,1,0,0,NA,NA,NA
NA,NA,NA,NA,0,0,0.105263157894737,0.210526315789474,0,NA,NA,NA
NA,NA,NA,NA,0,0.0444444444444444,0.0222222222222222,0.466666666666667,0,NA,NA,NA
NA,NA,NA,NA,0,0.0222222222222222,0.0666666666666667,0.288888888888889,0.0222222222222222,NA,NA,NA
NA,NA,NA,NA,0,0,0.0444444444444444,0.0444444444444444,0,NA,NA,NA
NA,NA,NA,NA,0,0.0444444444444444,0.0222222222222222,0,0,NA,NA,NA
NA,NA,NA,NA,0,0.0222222222222222,0.0444444444444444,0.0444444444444444,0,NA,NA,NA
NA,NA,NA,NA,0,0.0222222222222222,0.133333333333333,0.577777777777778,0.0888888888888889,NA,NA,NA
NA,NA,NA,NA,0,0,10.5,0.5,0,NA,NA,NA
NA,NA,NA,NA,0,0.0526315789473684,0.105263157894737,0.526315789473684,0.263157894736842,NA,NA,NA
NA,NA,NA,NA,0,0.0444444444444444,0.0666666666666667,0.555555555555556,0,NA,NA,NA
NA,NA,NA,NA,0,0,0.0222222222222222,0.0444444444444444,0.0222222222222222,NA,NA,NA
NA,NA,NA,NA,0,0,0.0666666666666667,0.2,0,NA,NA,NA
NA,NA,NA,NA,0,0.0222222222222222,0.0444444444444444,0.133333333333333,0,NA,NA,NA
NA,NA,NA,NA,0,0.155555555555556,0.0666666666666667,0.111111111111111,0.0222222222222222,NA,NA,NA
NA,NA,NA,NA,0,0,0.0222222222222222,0.0888888888888889,0.0222222222222222,NA,NA,NA
NA,NA,NA,NA,0,0,5,16,1,NA,NA,NA
NA,NA,NA,NA,0,0,0.105263157894737,0.105263157894737,0.210526315789474,NA,NA,NA
NA,NA,NA,NA,0,0,0.133333333333333,0.488888888888889,0,NA,NA,NA
NA,NA,NA,NA,0,0,0.133333333333333,0.133333333333333,0.111111111111111,NA,NA,NA
NA,NA,NA,NA,0,0,0.155555555555556,0.377777777777778,0.0222222222222222,NA,NA,NA
NA,NA,NA,NA,0,0.0444444444444444,0.377777777777778,0,0.0666666666666667,NA,NA,NA
NA,NA,NA,NA,0,0.0222222222222222,0.0444444444444444,0.133333333333333,0,NA,NA,NA
NA,NA,NA,NA,0,0.0222222222222222,0.0444444444444444,0.222222222222222,0,NA,NA,NA
NA,NA,NA,NA,0,0.5,1,0.5,0,NA,NA,NA
NA,NA,NA,NA,0,0.0526315789473684,0.0526315789473684,0,0,NA,NA,NA
NA,NA,NA,NA,0,0.0222222222222222,0.0666666666666667,0.0444444444444444,0,NA,NA,NA
NA,NA,NA,NA,0,0,0.0888888888888889,0.0222222222222222,0.0222222222222222,NA,NA,NA
NA,NA,NA,NA,0,0,0.0444444444444444,0.0222222222222222,0,NA,NA,NA
NA,NA,NA,NA,0,0,0.0444444444444444,0,0,NA,NA,NA
NA,NA,NA,NA,0,0,0.111111111111111,0.466666666666667,0.0666666666666667,NA,NA,NA
NA,NA,NA,NA,0,0.0222222222222222,0.0444444444444444,0,0,NA,NA,NA
NA,NA,NA,NA,0,0,2,1,0,NA,NA,NA
NA,NA,NA,NA,0,0.105263157894737,0.105263157894737,0.263157894736842,0,NA,NA,NA
NA,NA,NA,NA,0,0.0222222222222222,0.0222222222222222,0.177777777777778,0.0222222222222222,NA,NA,NA
NA,NA,NA,NA,0,0.0222222222222222,0.0444444444444444,0.133333333333333,0,NA,NA,NA
NA,NA,NA,NA,0,0,0.288888888888889,0.0666666666666667,0.0222222222222222,NA,NA,NA
NA,NA,NA,NA,0,0.0222222222222222,0.0222222222222222,0.377777777777778,0,NA,NA,NA
NA,NA,NA,NA,0,0.0222222222222222,0.0444444444444444,0.0444444444444444,0,NA,NA,NA
NA,NA,NA,NA,0,0.0444444444444444,0.0666666666666667,0.0222222222222222,0,NA,NA,NA
NA,NA,NA,NA,0,1,1,0,0,NA,NA,NA
NA,NA,NA,NA,0,0,0.0526315789473684,0.0526315789473684,0,NA,NA,NA
NA,NA,NA,NA,0,0.0222222222222222,0.0222222222222222,0.466666666666667,0.0222222222222222,NA,NA,NA
NA,NA,NA,NA,0,0.0444444444444444,0.0444444444444444,0.111111111111111,0,NA,NA,NA
NA,NA,NA,NA,0,0.0222222222222222,0.0444444444444444,0.0444444444444444,0,NA,NA,NA
NA,NA,NA,NA,0,0,0.0444444444444444,0.0222222222222222,0,NA,NA,NA
NA,NA,NA,NA,0,0,0.0444444444444444,0.0222222222222222,0,NA,NA,NA
NA,NA,NA,NA,0,0.0222222222222222,0.0444444444444444,0.0222222222222222,0,NA,NA,NA
